5.820766091346741e-11
0.08299793303012848
0.21461927890777588
-0.21776723861694336
-0.18206053972244263
0.15192019939422607
0.28024253249168396
-0.0057582613080739975
-0.020877571776509285
0.06492883712053299
-0.06573489308357239
-0.21166783571243286
0.03688735514879227
0.1367703080177307
-0.06314653903245926
-0.023106832057237625
0.031261179596185684
0.014288792386651039
-0.15501321852207184
-0.06035879626870155
0.1894763708114624
0.19680476188659668
0.05744063854217529
-0.18183383345603943
-0.22041212022304535
-0.03770585358142853
0.20042580366134644
0.10703379660844803
-0.0485423319041729
-0.19166168570518494
0.04707515239715576
0.01567406766116619
-0.12246236950159073
0.05262719839811325
0.22689609229564667
0.05900029093027115
-0.10965543985366821
0.02419925667345524
0.029207661747932434
-0.21453408896923065
-0.047867465764284134
0.17103047668933868
-0.04010557383298874
-0.3479878008365631
0.13231153786182404
0.35268670320510864
0.23049287497997284
-0.2269139289855957
-0.12173845618963242
0.04835645854473114
-0.04867470636963844
-0.20189328491687775
0.07859121263027191
0.06549476832151413
-0.03982669115066528
-0.04657537862658501
0.17803406715393066
0.08608432114124298
-0.1712273210287094
0.002441737800836563
0.1728699654340744
-0.14962254464626312
-0.11031895130872726
-0.014613687992095947
0.2037426233291626
0.0355709083378315
-0.07976499199867249
-0.23334001004695892
-0.0525413379073143
0.15671801567077637
0.2692089378833771
-0.004626277834177017
-0.16478700935840607
-0.014563225209712982
0.0040276190266013145
-0.04504293575882912
-0.01864483766257763
0.13344800472259521
0.08161434531211853
-0.21253657341003418
-0.1572658270597458
0.06406909227371216
0.0006377063691616058
-0.007701747119426727
0.3411157727241516
0.24002043902873993
-0.1928381472826004
-0.4401693344116211
-0.060317862778902054
-0.0002453451161272824
