5.820766091346741e-11
0.07599418610334396
0.22286958992481232
-0.17185580730438232
-0.3199719488620758
0.15514728426933289
0.37384408712387085
0.21564139425754547
-0.1157139465212822
-0.16343766450881958
-0.08188522607088089
-0.09732184559106827
-0.06414413452148438
0.05366921424865723
0.10773012787103653
0.009318912401795387
-0.025948315858840942
0.07875564694404602
0.0620163269340992
-0.08547873049974442
-0.03541874885559082
-0.06975013017654419
0.07935518771409988
-0.05596291646361351
0.016519205644726753
0.06833383440971375
-0.0922209769487381
-0.061356157064437866
0.07367366552352905
0.06436245143413544
0.087199866771698
-0.01935584843158722
-0.11903992295265198
-0.006756441667675972
-0.04272902011871338
-0.05512944981455803
0.12452715635299683
0.07280828803777695
-0.11608406901359558
-0.13564401865005493
0.15872687101364136
0.25905922055244446
-0.07341957092285156
-0.4424192011356354
0.06146956980228424
0.26786836981773376
0.21546486020088196
-0.3222859501838684
-0.2517785429954529
0.16352853178977966
0.23326709866523743
-0.036257512867450714
-0.07845833152532578
-0.020668640732765198
0.10876695811748505
-0.08825159072875977
-0.027954895049333572
0.0486086830496788
-0.07724614441394806
-0.0926162451505661
0.08874712139368057
0.07637091726064682
0.05417577177286148
-0.02266477234661579
-0.06474827975034714
-0.01733897626399994
0.06670593470335007
-0.08441825956106186
0.12062107026576996
-0.06382088363170624
-0.06875084340572357
-0.11169447004795074
0.03492847457528114
0.12441114336252213
0.04814809560775757
0.016585486009716988
0.07555215060710907
-0.013618549332022667
-0.09575425088405609
-0.09633725881576538
-0.004546463489532471
-0.11006321012973785
-0.15942345559597015
0.16235387325286865
0.3904300928115845
0.2855924367904663
-0.2790566086769104
-0.4176432490348816
-0.058952782303094864
-0.00023837873595766723
