5.820766091346741e-11
0.2676406800746918
-0.13959810137748718
-0.11555522680282593
0.218132883310318
0.08845880627632141
-0.0772693008184433
0.025410160422325134
-0.06952053308486938
-0.03467460721731186
0.06992524117231369
-0.04008692875504494
0.11917386949062347
-0.2853357195854187
0.47819626331329346
-0.3211985230445862
0.02730422466993332
0.0455002561211586
0.01422864943742752
-0.24947014451026917
0.33930617570877075
-0.3075706362724304
0.31500300765037537
-0.3190542161464691
0.3382691740989685
-0.2284603714942932
0.029215866699814796
-0.16034956276416779
-0.05118817463517189
0.22793735563755035
0.37349873781204224
-0.5759788155555725
0.2055465131998062
-0.04948405921459198
-0.07546672970056534
0.07986631244421005
0.0365123450756073
0.15225446224212646
-0.1396781951189041
0.014563113451004028
-0.05415349453687668
0.08466450870037079
0.02159789763391018
-0.11398468911647797
-0.1923235058784485
0.5795519351959229
-0.3870311379432678
0.03167479485273361
-0.08578206598758698
0.2191653847694397
-0.19767093658447266
0.006168149411678314
-0.177170991897583
0.28995344042778015
-0.11552227288484573
0.23044437170028687
-0.4186808466911316
0.23838338255882263
-0.031985484063625336
-0.33374327421188354
0.2559107840061188
0.35387688875198364
-0.23958896100521088
-0.04025338962674141
-0.16665205359458923
0.13731621205806732
0.17539921402931213
-0.22486631572246552
0.15454107522964478
-0.15289755165576935
0.3979577124118805
-0.3402436077594757
-0.0466364249587059
0.19949054718017578
-0.020908311009407043
-0.33148500323295593
0.47321775555610657
-0.34245845675468445
0.3044906258583069
-0.3335965573787689
0.23666514456272125
-0.13118328154087067
0.036495596170425415
-0.18660888075828552
0.054256364703178406
0.05509595572948456
0.42462337017059326
-0.5009273290634155
-0.22471296787261963
-0.00041107903234660625
