2.419256e-10
0.023434237
0.08013205
0.11147435
0.044958305
-0.0071495143
-0.017115835
0.00153923
-0.011286986
-0.04234417
-0.07009729
-0.100752234
-0.14190158
-0.196331
-0.26338834
-0.27955088
-0.2554748
-0.2913509
-0.33562145
-0.33551705
-0.2463508
-0.13802566
-0.011625133
0.091765285
0.14428823
0.1930761
0.25199226
0.25824767
0.2524386
0.2720413
0.30892932
0.27117893
0.1429236
0.021908961
-0.101941705
-0.17039831
-0.1250029
-0.09427571
-0.09184608
-0.09413204
-0.0979049
-0.109414496
-0.12310601
-0.10212143
-0.04448983
0.038753003
0.12084846
0.11582965
0.047689203
0.01114924
0.020908255
0.04168874
0.032424908
0.010795491
-0.016756747
-0.050855137
-0.09779736
-0.16182466
-0.21418479
-0.18816431
-0.18509783
-0.22402836
-0.2553059
-0.21403968
-0.12013629
-0.013865994
0.1144531
0.19055745
0.24247652
0.3140159
0.35760924
0.34460527
0.35273862
0.3788756
0.39056307
0.3174864
0.19327092
0.055548385
-0.0577945
-0.08754864
-0.0507582
-0.048894383
-0.062287733
-0.082156226
-0.10866435
-0.14065184
-0.16146751
-0.14750138
-0.1038304
-0.07346062
