4.0563464e-10
0.019644275
0.061099887
0.11437836
0.16117479
0.21642159
0.26511833
0.28992927
0.27841288
0.23446885
0.17430319
0.1228302
0.0802507
0.045864042
0.018081032
0.0037948876
-0.012698132
-0.04411226
-0.073298655
-0.089850344
-0.08983404
-0.0775476
-0.06719631
-0.06279985
-0.058785807
-0.049903423
-0.039249986
-0.033801492
-0.028341005
-0.020889865
-0.0122906305
-0.00232038
-0.001520907
-0.01624963
-0.029943164
-0.04070934
-0.053360023
-0.080944106
-0.12043385
-0.15968513
-0.17224103
-0.15705493
-0.12462136
-0.09428184
-0.05641785
-0.0008724602
0.059289165
0.1089616
0.15786445
0.21247818
0.25957522
0.28077033
0.26496238
0.21753256
0.15887761
0.10834473
0.06658075
0.031990137
0.004312671
-0.00797945
-0.02757992
-0.059091665
-0.08729669
-0.10156882
-0.09987127
-0.08657451
-0.0775629
-0.07417682
-0.0681472
-0.057826225
-0.047322027
-0.042227164
-0.035770364
-0.026844589
-0.016557261
-0.005623051
-0.0047594123
-0.020105962
-0.031053338
-0.03924721
-0.05127345
-0.07957788
-0.11925845
-0.15573335
-0.1658141
-0.14902245
-0.11847313
-0.089609884
-0.06352937
-0.046800658
