2.564775e-10
0.030211195
0.07754046
0.08245805
0.037968904
-0.0032277182
-0.012247188
-0.004148776
0.009586781
0.014669909
-0.000292656
-0.018222205
-0.05481583
-0.15970321
-0.20945325
-0.20758173
-0.22266167
-0.25199324
-0.27719072
-0.27373737
-0.23009853
-0.13557364
-0.0098316055
0.080328554
0.14283875
0.2577871
0.30262476
0.30903655
0.32371095
0.35098562
0.36321953
0.3339197
0.2548585
0.11982734
-0.028859034
-0.0793234
-0.07261626
-0.056117155
-0.04040079
-0.040879093
-0.062302593
-0.0938475
-0.13487549
-0.16597268
-0.1472553
-0.06860077
0.01742922
0.026453035
-0.017694933
-0.067816846
-0.08708967
-0.0853805
-0.07396333
-0.06580769
-0.06740536
-0.08063965
-0.11225711
-0.20706406
-0.27853352
-0.25900137
-0.27482578
-0.30399996
-0.31678343
-0.31496543
-0.27168754
-0.17901286
-0.045290105
0.048879787
0.11408523
0.24130273
0.31491488
0.31367198
0.35726807
0.3939311
0.40704516
0.4028157
0.32887295
0.19564877
0.050289553
-0.010902321
-0.004738961
0.009663741
0.03140507
0.04120735
0.02500228
7.155351e-05
-0.03678596
-0.078181475
-0.068851314
-0.053626392
