-3.6925485e-10
0.032553703
0.0964421
0.13670129
0.09664334
0.04318806
0.02785566
0.03637147
0.044963382
0.038832795
0.022987051
-0.0021976633
-0.04647642
-0.1165671
-0.1877124
-0.21767136
-0.18595813
-0.22742036
-0.2791604
-0.25316676
-0.20411628
-0.11038779
0.018343594
0.119844705
0.1880722
0.25512993
0.34385076
0.35631406
0.33106375
0.39512742
0.40687916
0.35590807
0.29276648
0.15027893
0.0006916784
-0.061124608
-0.054891706
-0.026326448
-0.022504527
-0.025612742
-0.050786078
-0.10128315
-0.13989584
-0.16208784
-0.1494565
-0.05566347
0.026580917
0.048049282
-0.00412534
-0.04831636
-0.05893643
-0.050427314
-0.041451294
-0.043240182
-0.05919051
-0.076704785
-0.12335153
-0.21195118
-0.26784217
-0.27886927
-0.27212977
-0.31225002
-0.3427578
-0.3115406
-0.25624192
-0.15549323
-0.021550337
0.073160104
0.14761591
0.23795635
0.3038665
0.31418267
0.30950165
0.36896557
0.37712213
0.33149153
0.26895264
0.12474647
-0.0077715693
-0.037291795
-0.0209023
0.0053011747
0.014334509
0.0153422775
-0.0042850478
-0.04602945
-0.084989
-0.10529716
-0.09144288
-0.06958858
