-4.0017767e-11
0.01897576
0.060414203
0.11371434
0.15967119
0.2110686
0.25808296
0.28521198
0.27340445
0.22741994
0.16671494
0.11107876
0.06824009
0.03367704
0.0034431242
-0.01175129
-0.029145628
-0.059131987
-0.08998393
-0.108335346
-0.10749445
-0.09607157
-0.08480841
-0.07931871
-0.0754287
-0.06637504
-0.05347841
-0.0467134
-0.03983324
-0.031419795
-0.022503216
-0.012861715
-0.010867702
-0.024114594
-0.038859423
-0.04975845
-0.0596112
-0.08623855
-0.12569797
-0.16202267
-0.1757244
-0.16135062
-0.12382129
-0.09101969
-0.0512612
0.0034570396
0.066421404
0.118485905
0.16566943
0.22139233
0.26839864
0.2904808
0.27635756
0.22853099
0.16920955
0.11831106
0.07649101
0.0430214
0.015999429
0.002862041
-0.015309005
-0.047329057
-0.075664915
-0.09086946
-0.088847935
-0.0761684
-0.06657095
-0.06244657
-0.05808731
-0.0486605
-0.038407475
-0.03332663
-0.02757204
-0.019999983
-0.011275121
-0.0013344254
-0.002946674
-0.017935062
-0.031378992
-0.0417711
-0.055924922
-0.084773555
-0.12584342
-0.16206482
-0.17188819
-0.15371841
-0.12087383
-0.09024346
-0.0637562
-0.047399838
