1.4551915e-11
0.0038424064
0.012631431
0.026925094
0.040678352
0.05279711
0.061952922
0.067792974
0.06978019
0.06864444
0.064753875
0.058733582
0.050767306
0.04092428
0.029170945
0.015563187
0.0011890698
-0.012815837
-0.02553307
-0.035600975
-0.042778753
-0.048512667
-0.052720696
-0.055450954
-0.057125106
-0.0576424
-0.056435697
-0.052391276
-0.045843266
-0.038138147
-0.03107072
-0.024157647
-0.017908296
-0.013241081
-0.009557368
-0.0071017295
-0.006048851
-0.006087372
-0.0077616395
-0.011128318
-0.015175294
-0.01873559
-0.020302849
-0.018355928
-0.011059559
0.00019921549
0.013849828
0.028233148
0.042613853
0.055310816
0.06482789
0.07095395
0.073821284
0.07282215
0.06837429
0.06271671
0.05526974
0.045751445
0.033482403
0.020565711
0.006887077
-0.0075997566
-0.02049451
-0.031188976
-0.03964118
-0.045744706
-0.050616615
-0.054724935
-0.057164736
-0.058335923
-0.057315294
-0.052696995
-0.046132784
-0.038721453
-0.031262524
-0.024290476
-0.018428653
-0.014104603
-0.010365461
-0.0075008343
-0.006116548
-0.0065041026
-0.008312652
-0.011137643
-0.014665262
-0.01804291
-0.019496527
-0.016104227
-0.011796443
-0.0090556275
