-2.7284841e-11
0.0011500875
0.0021736375
-0.0020899572
-0.017084753
-0.03386009
-0.046996202
-0.062274255
-0.096530065
-0.14453891
-0.17076063
-0.16866057
-0.1380815
-0.08679784
-0.03996158
0.0014029974
0.05762145
0.11812956
0.16833963
0.20580202
0.2514976
0.28376955
0.28244328
0.24322209
0.18033884
0.114759475
0.06414475
0.027528394
0.0015936291
-0.019811496
-0.03433638
-0.04980783
-0.083922684
-0.10726744
-0.1117504
-0.10057575
-0.08731252
-0.07770877
-0.07162006
-0.06226478
-0.048773795
-0.03408483
-0.027331721
-0.022296987
-0.013425011
-0.008331379
-0.007725262
-0.013984697
-0.031384166
-0.046028808
-0.055184692
-0.07491961
-0.11188686
-0.15644738
-0.17907557
-0.17105852
-0.1364283
-0.087503485
-0.04456219
0.0004961677
0.064165205
0.12224482
0.16889432
0.21134156
0.25774142
0.2869489
0.2780985
0.23479739
0.17202605
0.1099187
0.064831965
0.030625133
0.0028077965
-0.014954073
-0.030208295
-0.0499895
-0.0837702
-0.103046544
-0.10195175
-0.09091327
-0.07798219
-0.06887636
-0.0646179
-0.053694762
-0.038379516
-0.026672168
-0.019682521
-0.013276042
-0.0069523687
-0.0045454237
