6.3892e-11
0.034359027
0.11287858
0.20744663
0.2509467
0.2955566
0.33892962
0.3452279
0.33246315
0.34017763
0.38608447
0.31891
0.17925106
0.061789416
-0.07159302
-0.13732673
-0.08679907
-0.064287804
-0.06628008
-0.07699712
-0.08297601
-0.099979654
-0.11974944
-0.10083394
-0.04367984
0.032310355
0.10628651
0.089928836
0.016937576
-0.015822368
-0.009490185
0.0018724501
-0.024358567
-0.053421874
-0.08172826
-0.115276396
-0.16179936
-0.22265624
-0.28075153
-0.2675642
-0.2635516
-0.31018662
-0.34488037
-0.3105669
-0.2048249
-0.097986594
0.034175962
0.112873405
0.15907982
0.21565565
0.26050773
0.25353777
0.25617743
0.28439456
0.30942625
0.2325867
0.102561764
-0.016929436
-0.13394108
-0.1651066
-0.109013945
-0.0931951
-0.09204524
-0.09523186
-0.099776894
-0.114809334
-0.12125472
-0.09031932
-0.022447059
0.06298584
0.13417652
0.097790316
0.034846004
0.00900544
0.0283335
0.04161411
0.02729689
0.004522796
-0.023967443
-0.061315954
-0.11088361
-0.17931095
-0.21431372
-0.18189052
-0.19239068
-0.23379716
-0.25359905
-0.19510221
-0.13008878
-0.09700645
