4.274625e-10
0.040781327
0.11037169
0.1805544
0.24620205
0.33507827
0.36112285
0.3297038
0.38613367
0.41230828
0.36157572
0.3014958
0.16921735
0.010633228
-0.057827204
-0.05768408
-0.027895458
-0.022321397
-0.024818718
-0.04718066
-0.09648442
-0.13720319
-0.16024381
-0.15390179
-0.06581699
0.021797337
0.04809114
0.0019654883
-0.04657581
-0.05867708
-0.051537443
-0.041670784
-0.042519845
-0.057688236
-0.07505947
-0.11688563
-0.20565069
-0.26453322
-0.27994204
-0.27114797
-0.30842406
-0.3420858
-0.31526855
-0.2610402
-0.1638018
-0.030051902
0.06908675
0.14189452
0.23227888
0.3018201
0.31510073
0.3082065
0.36535025
0.37945327
0.33421746
0.27326632
0.13397546
-0.0044162506
-0.036994994
-0.022236954
0.0045841374
0.014134231
0.015443168
-0.0027068285
-0.04416535
-0.08363454
-0.10489941
-0.08600593
0.01215297
0.08157108
0.08048474
0.031659666
-0.005309025
-0.012255405
-0.0022471878
0.0110594705
0.01359094
-0.003910608
-0.02021162
-0.07218832
-0.17667082
-0.21083425
-0.20866546
-0.22846085
-0.2589173
-0.28054383
-0.26694688
-0.20982039
-0.14102666
-0.0998635
