-4.6838977e-11
0.024901822
0.06663011
0.04538342
-0.027791219
-0.05915016
-0.05575546
-0.04106553
-0.04915057
-0.06930376
-0.09690523
-0.13273147
-0.19420554
-0.2631802
-0.3111608
-0.29473716
-0.2867048
-0.35455227
-0.3575806
-0.30232042
-0.22058254
-0.09247089
0.029590782
0.111629926
0.17848301
0.25159648
0.31906942
0.29334384
0.3167541
0.3847121
0.35574183
0.29371747
0.19726335
0.038617715
-0.05076758
-0.056244697
-0.02080213
-0.003937046
-0.008647784
-0.022887206
-0.057326
-0.090157315
-0.1023007
-0.09443083
-0.022148965
0.085293666
0.13362326
0.10771633
0.0481561
0.028689712
0.033911616
0.04467804
0.040786766
0.026521862
0.0022548256
-0.03592807
-0.10402818
-0.17577012
-0.21856785
-0.18805729
-0.2148411
-0.27465194
-0.26038814
-0.21542807
-0.13057868
-0.0041030534
0.106533565
0.1767612
0.2422497
0.32917958
0.36405864
0.32875776
0.381843
0.41255713
0.3657535
0.30680078
0.18089417
0.018860076
-0.056001313
-0.05932494
-0.029829986
-0.021987487
-0.024260016
-0.044372246
-0.092336915
-0.13478976
-0.1593385
-0.15507619
-0.10458618
-0.07279019
