1.7826096e-10
0.008339999
0.040842358
0.094374776
0.13258734
0.16039611
0.20221825
0.19385475
0.10955594
-0.0058907457
-0.03500205
-0.011447737
0.032523118
0.12937574
0.1776272
0.16860746
0.13618633
0.12432216
0.08890101
0.05902963
0.10003488
0.15265019
0.20183192
0.21854198
0.16126023
0.07832976
0.02444498
0.017633867
0.014091578
-0.018920686
-0.057753693
-0.06654014
-0.08360093
-0.12804034
-0.19505674
-0.25157058
-0.2508187
-0.22755525
-0.22263812
-0.24191412
-0.22997798
-0.14381608
-0.0009151511
0.08174193
0.12206369
0.16647029
0.17924026
0.19488083
0.23738614
0.25500757
0.26692104
0.31610766
0.32698965
0.26648784
0.12417129
0.0113671785
-0.01397804
-0.013994707
0.040624857
0.13995107
0.14564557
0.104356386
0.10114503
0.060715064
0.008079679
0.0036998615
0.041477773
0.09805623
0.13358513
0.10900104
0.023510095
-0.058319572
-0.10400533
-0.11248553
-0.15077505
-0.2023582
-0.2289103
-0.2514467
-0.28581136
-0.34210396
-0.40041128
-0.43787083
-0.4172159
-0.3991516
-0.41444647
-0.41954228
-0.3607807
-0.2071378
-0.11536665
-0.08015896
