1.200533e-10
0.0031463406
0.011026443
0.025364257
0.039243966
0.052712027
0.06407725
0.07217827
0.07690792
0.07815442
0.075965315
0.07154868
0.06458147
0.05553362
0.045039862
0.032264076
0.018074991
0.004099865
-0.009001043
-0.020655006
-0.030544646
-0.038423847
-0.044163696
-0.047964938
-0.051572997
-0.053583767
-0.053073917
-0.050916385
-0.04631418
-0.039552625
-0.032573815
-0.026161462
-0.020557676
-0.015307226
-0.011639385
-0.0090677915
-0.006222369
-0.0053743147
-0.006544647
-0.009112144
-0.012962276
-0.016733196
-0.019027688
-0.01756332
-0.0115824
-0.0020326679
0.010253667
0.02369259
0.03791961
0.050674707
0.06141507
0.069174305
0.07236806
0.07263578
0.070137486
0.06494057
0.05788955
0.048803087
0.037421476
0.024390996
0.010336194
-0.0038516037
-0.016860217
-0.0279173
-0.036802214
-0.043313652
-0.048388883
-0.05242716
-0.05551581
-0.056429133
-0.05540183
-0.053060673
-0.047130056
-0.040236462
-0.034531254
-0.02750993
-0.02126357
-0.016867135
-0.012743829
-0.00955717
-0.0076120943
-0.007024616
-0.007881585
-0.010373879
-0.013837198
-0.016415339
-0.0173378
-0.01580276
-0.011626282
-0.008658273
