-1.0516032e-12
0.013756346
0.046875823
0.10670868
0.1643181
0.20075628
0.24029908
0.27589935
0.28045171
0.24174109
0.17437515
0.104796045
0.04796537
0.011125816
-0.010117865
-0.028440755
-0.042547464
-0.054663293
-0.08018617
-0.106027335
-0.11793919
-0.1022461
-0.084642835
-0.07253456
-0.05975679
-0.048924923
-0.03663453
-0.019321823
-0.013039674
-0.012318613
-0.008808315
-0.004087375
-0.0040488937
-0.012022557
-0.024897806
-0.041978776
-0.060635887
-0.07533778
-0.10997672
-0.1591034
-0.18663187
-0.18125348
-0.14458272
-0.08948179
-0.03744983
0.0060295984
0.05755778
0.119797975
0.17211953
0.2070744
0.2498705
0.2814989
0.28195557
0.23980817
0.17307575
0.10562762
0.052582294
0.017088901
-0.0046195793
-0.024893243
-0.038449842
-0.051305406
-0.079442374
-0.10312844
-0.11082416
-0.095758066
-0.07991786
-0.06887722
-0.059587535
-0.05010689
-0.037194446
-0.021326922
-0.01650599
-0.015265506
-0.009094253
-0.005481716
-0.0058353767
-0.013075191
-0.029767176
-0.047483042
-0.062406078
-0.0794406
-0.11609361
-0.16474973
-0.1878557
-0.17819124
-0.1408413
-0.087999515
-0.05451218
-0.03939209
