-1.546141e-10
0.0046175444
0.0140013425
0.0289377
0.043618493
0.05662091
0.06563953
0.07084438
0.07280627
0.07128017
0.067526534
0.062254045
0.05448437
0.04443721
0.032562967
0.019661311
0.0059571397
-0.0077340053
-0.02012505
-0.02976875
-0.0372418
-0.04321462
-0.04664116
-0.048867192
-0.050956085
-0.051135816
-0.0488718
-0.04400889
-0.03695326
-0.028890675
-0.020898163
-0.0140175875
-0.008858111
-0.0051769465
-0.0018424564
0.00033392842
0.0010513664
0.00035725092
-0.0032290707
-0.007866966
-0.011482794
-0.0146072665
-0.01519222
-0.011735154
-0.003973168
0.008017078
0.02167183
0.036950897
0.051042493
0.06222017
0.07167387
0.07732922
0.078851186
0.07699127
0.07297625
0.06675913
0.05785993
0.04746959
0.035751276
0.022099074
0.007204962
-0.00699775
-0.018498555
-0.028616324
-0.036534242
-0.041625
-0.045455385
-0.048372224
-0.05031098
-0.050411876
-0.04871662
-0.045139484
-0.03868451
-0.03111685
-0.023746924
-0.01763351
-0.012604964
-0.008528235
-0.00616082
-0.004452998
-0.0034941328
-0.004319967
-0.0067928336
-0.010952173
-0.016058497
-0.019425323
-0.019984517
-0.017077278
-0.01241281
-0.009269351
