-5.95719e-11
0.017624242
0.05321638
0.10513065
0.15907699
0.22288361
0.27132475
0.30050817
0.31721675
0.30911043
0.26078036
0.1639004
0.08176567
0.029758848
0.00010510511
-0.01059748
-0.017484669
-0.03398528
-0.058892585
-0.08670842
-0.108254805
-0.11691342
-0.100371845
-0.064359546
-0.045001045
-0.037772894
-0.03638392
-0.031713977
-0.030115448
-0.031464785
-0.03096569
-0.032216873
-0.03263088
-0.02940426
-0.041941658
-0.06476626
-0.084688984
-0.108228534
-0.13559537
-0.16603138
-0.20385346
-0.22513974
-0.20376372
-0.14021966
-0.07108894
-0.015682552
0.036971003
0.08896823
0.14302488
0.20802695
0.25239468
0.27655753
0.29656073
0.28477153
0.2282596
0.13304006
0.05771982
0.011488207
-0.017028555
-0.025041573
-0.03234729
-0.05105558
-0.07200916
-0.097769246
-0.12030668
-0.12311071
-0.09988521
-0.065097906
-0.048382178
-0.039434057
-0.0333888
-0.0263041
-0.022787064
-0.022243029
-0.023223786
-0.024364762
-0.021302111
-0.018456012
-0.0331539
-0.053770453
-0.07398152
-0.0976835
-0.123594284
-0.15603885
-0.19446644
-0.20849898
-0.18020341
-0.1120688
-0.06995903
-0.05005484
