2.5465852e-11
0.03272113
0.07516046
0.17108995
0.29448685
0.31258115
0.33158737
0.3801847
0.40210137
0.4096173
0.3743471
0.26167646
0.11316606
0.0031363424
-0.009952165
0.0024578245
0.021641493
0.040103186
0.034128867
0.010841221
-0.018765453
-0.06525916
-0.07730614
-0.027336847
0.06304854
0.11013396
0.08674839
0.039887086
0.0013348595
-0.012639069
-0.0035086158
0.0046132817
0.005247609
0.006251518
-0.025882766
-0.09916249
-0.19098565
-0.21977243
-0.21982642
-0.2597573
-0.28445286
-0.29247287
-0.27995133
-0.21140935
-0.09906353
0.007772865
0.061474558
0.17385775
0.26920938
0.28141212
0.30259898
0.34894127
0.3554558
0.35770696
0.3169601
0.18837996
0.04463839
-0.05080322
-0.066538885
-0.062105373
-0.045702063
-0.028701639
-0.042180493
-0.06950777
-0.10294801
-0.15514761
-0.1591007
-0.10044833
-0.0083491625
0.026981901
0.0033145947
-0.040301323
-0.07682883
-0.087624475
-0.07166909
-0.063363686
-0.0505383
-0.03737369
-0.069012344
-0.14356872
-0.22070992
-0.23630153
-0.2540141
-0.28625286
-0.297808
-0.3002637
-0.2756456
-0.193844
-0.11357564
-0.075452335
