5.7980287e-12
0.00868478
0.039417684
0.08510792
0.12258576
0.15476057
0.17100304
0.19088352
0.2094076
0.19576353
0.07570037
-0.0031254683
0.0335729
0.122438505
0.20345679
0.24864139
0.24513073
0.1676077
0.15185103
0.15278774
0.12031314
0.14544778
0.17836986
0.1860926
0.14074017
0.0449297
-0.044079624
-0.0709621
-0.04260335
-0.037658915
-0.071940854
-0.11890346
-0.14813267
-0.18823785
-0.2459563
-0.29494983
-0.27136335
-0.22981456
-0.21072116
-0.22115761
-0.20910358
-0.112577766
0.04585629
0.10877226
0.1375314
0.1684335
0.21098524
0.264368
0.3134392
0.316827
0.32588103
0.34509602
0.28023252
0.17418069
0.07847966
0.08471455
0.16030097
0.2362166
0.275753
0.2658498
0.21847162
0.16714242
0.13416047
0.10768421
0.104727596
0.12983209
0.13850562
0.10205785
-0.0019957293
-0.0972358
-0.15423523
-0.15628637
-0.17615792
-0.23211774
-0.25810978
-0.27776697
-0.3135035
-0.3837012
-0.44364297
-0.44485635
-0.4242165
-0.41408914
-0.44060838
-0.41212305
-0.29914922
-0.1737712
-0.08703898
-0.06443484
-0.04180884
-0.028249731
