6.4392225e-10
0.03571253
0.08729474
0.16319641
0.19326052
0.21329202
0.22984609
0.23820361
0.24478108
0.2703567
0.31906033
0.2783118
0.16188873
0.049226016
-0.027421601
-0.03507888
0.036653243
0.09485732
0.11974841
0.109281704
0.08278206
0.046778522
0.010712981
0.011568265
0.0511681
0.10788578
0.13739112
0.10420517
0.025656704
-0.015895981
-0.027351847
-0.034229383
-0.06936201
-0.10319102
-0.12373128
-0.15933976
-0.21884233
-0.2909947
-0.33526686
-0.34087282
-0.33137023
-0.36085314
-0.38676316
-0.3542987
-0.21366683
-0.09073565
-0.011555869
0.07111877
0.108299695
0.12917662
0.1723623
0.1720173
0.16713494
0.20112786
0.23657918
0.18707025
0.04426503
-0.042482313
-0.11222972
-0.13663241
-0.04183576
0.010927811
0.018160399
0.0322265
0.018138474
-0.015867013
-0.044322293
-0.028749788
0.029000262
0.097527236
0.13761468
0.109273136
0.04204555
0.016438646
0.024133148
0.02991461
-0.002917292
-0.026286643
-0.04454159
-0.07127065
-0.12240446
-0.18413667
-0.23085783
-0.22215411
-0.21920578
-0.24662106
-0.3006622
-0.23504198
-0.14354596
-0.10190589
