-4.8930815e-10
0.01872629
0.049073745
0.0989247
0.15961488
0.21334761
0.2517733
0.27814144
0.30297393
0.28499648
0.21940961
0.1414436
0.07244507
0.02589238
0.0015182286
-0.0118208565
-0.0229588
-0.039388224
-0.059021086
-0.08348118
-0.110050656
-0.10723413
-0.08663702
-0.06333607
-0.051017255
-0.0422486
-0.031283826
-0.023787048
-0.018464789
-0.016301634
-0.02214449
-0.022485595
-0.017628307
-0.023867147
-0.03675334
-0.054308236
-0.0760743
-0.0968709
-0.12273717
-0.1620689
-0.20294194
-0.21671534
-0.18142256
-0.12694769
-0.06926484
-0.013920958
0.030557266
0.08407402
0.14867231
0.19661725
0.23430127
0.26554328
0.28637013
0.26391593
0.19716045
0.12268756
0.058612898
0.014774105
-0.0060216957
-0.020633793
-0.033771925
-0.04765875
-0.06638153
-0.091006145
-0.114093445
-0.10566676
-0.0827741
-0.061907202
-0.049503475
-0.03915393
-0.027335007
-0.015830193
-0.00694732
-0.004556195
-0.008538403
-0.005205567
-0.0011490893
-0.007813956
-0.019299949
-0.03675755
-0.059001297
-0.07763827
-0.105979204
-0.14703423
-0.18807857
-0.19217016
-0.1561755
-0.10399495
-0.0647705
-0.045834873
