7.6397555e-11
0.016241943
0.044580143
0.10064462
0.16375302
0.20871034
0.24595615
0.27819303
0.2998418
0.2709066
0.20534372
0.13134426
0.06798941
0.025067758
0.0029592204
-0.01416273
-0.02841904
-0.04252471
-0.06279112
-0.08915907
-0.10912149
-0.10044071
-0.08064458
-0.0629452
-0.05071391
-0.04121189
-0.03096696
-0.017545635
-0.009688472
-0.00802362
-0.008903069
-0.0048600333
-0.0024324763
-0.0095309075
-0.02148572
-0.038875688
-0.061548434
-0.07866554
-0.10814889
-0.1526018
-0.18918349
-0.1896231
-0.1510689
-0.09903668
-0.040758256
0.008055537
0.05165732
0.11186153
0.17260747
0.21155846
0.24981037
0.28376126
0.295823
0.2596182
0.19239682
0.12204904
0.06379045
0.024951147
0.004601181
-0.012999725
-0.027284175
-0.040445797
-0.0640598
-0.09038197
-0.10464075
-0.090562984
-0.07119386
-0.058315758
-0.04596028
-0.03678529
-0.027213415
-0.012116972
-0.0054336675
-0.0051598474
-0.003200288
0.0010702795
0.0014507688
-0.007909233
-0.02347459
-0.04220054
-0.0630175
-0.08052351
-0.11497983
-0.16491361
-0.19336718
-0.1860807
-0.14689088
-0.09298394
-0.056499504
-0.03994535
