2.7102942e-10
0.016849935
0.05848865
0.11706291
0.1625905
0.20867902
0.25532645
0.28831047
0.2835362
0.24443601
0.18301553
0.1210257
0.07290608
0.03725798
0.0063650473
-0.012447311
-0.02808053
-0.05089107
-0.08397964
-0.10669583
-0.10794041
-0.09751651
-0.0854211
-0.07734056
-0.07521538
-0.06587023
-0.050945077
-0.04002866
-0.033220783
-0.026782973
-0.017373867
-0.009783769
-0.008526714
-0.01658432
-0.03562903
-0.05052785
-0.0576192
-0.08043081
-0.117538504
-0.15801403
-0.17844301
-0.16870457
-0.1340719
-0.09073064
-0.05123781
-0.003726094
0.061415013
0.115682915
0.16255212
0.21087554
0.26016384
0.28747177
0.27818805
0.23426962
0.17310472
0.115250856
0.07278756
0.03822264
0.009522532
-0.0066585834
-0.02417062
-0.049672604
-0.083569355
-0.10137603
-0.10020463
-0.0893056
-0.077625886
-0.070343465
-0.067832984
-0.056168623
-0.042332716
-0.03541699
-0.0287
-0.021167558
-0.013064369
-0.0040837782
-0.0031371578
-0.015391991
-0.03344754
-0.045695566
-0.05383886
-0.08100143
-0.12017612
-0.1588367
-0.17527008
-0.16014196
-0.12346947
-0.08623631
-0.05969551
-0.044503473
