-8.0035534e-11
0.004005055
0.0130251665
0.027336087
0.041730337
0.054467067
0.06434385
0.07060748
0.07372667
0.07298649
0.06884539
0.06328467
0.05600663
0.046710745
0.034761947
0.021865975
0.008360569
-0.0060693882
-0.019235816
-0.030098123
-0.0387548
-0.045097634
-0.050073262
-0.05427877
-0.056930337
-0.058225453
-0.05775819
-0.0534905
-0.047116313
-0.039827332
-0.03233803
-0.025286652
-0.01927516
-0.014716477
-0.0109326225
-0.0078627225
-0.0063068927
-0.0062953494
-0.007906381
-0.010568906
-0.014009392
-0.017475352
-0.019654276
-0.01698586
-0.011218729
-0.0015383644
0.011810113
0.026497852
0.04144182
0.054691724
0.065403074
0.07283419
0.075995326
0.0759117
0.07316145
0.06808999
0.06081033
0.051526528
0.04048295
0.02802171
0.014469545
0.0002900078
-0.012383787
-0.023341302
-0.0325718
-0.039527737
-0.04453659
-0.04818175
-0.050757598
-0.052060507
-0.05148272
-0.048400488
-0.043153174
-0.0363788
-0.028933326
-0.021489777
-0.01502695
-0.010615502
-0.0064745657
-0.0030347626
-0.001594506
-0.0012346169
-0.0021602283
-0.004695778
-0.008870569
-0.012981581
-0.014541866
-0.013379589
-0.0101172775
-0.007643679
