4.5474735e-10
0.036418833
0.09567188
0.16417211
0.23370522
0.308366
0.30298775
0.2985308
0.37624723
0.36766732
0.30884194
0.22996046
0.076559775
-0.036862
-0.061491657
-0.03012339
-0.00549125
-0.007069175
-0.016753461
-0.047107432
-0.08296893
-0.100313306
-0.10204213
-0.049574573
0.058550857
0.12751538
0.12369478
0.06262677
0.031523906
0.030051053
0.043122984
0.04284206
0.031810705
0.010918733
-0.021741964
-0.08145644
-0.1541776
-0.21442907
-0.20042862
-0.19522771
-0.26311707
-0.27181518
-0.23120485
-0.16524449
-0.046782024
0.07503764
0.15463306
0.21861169
0.29868594
0.3652431
0.33610654
0.3551219
0.41561952
0.3843877
0.3309206
0.23840079
0.07159305
-0.036909238
-0.06557988
-0.03957105
-0.02274837
-0.022979012
-0.03260342
-0.07233236
-0.12066476
-0.15114257
-0.16427907
-0.11681229
-0.013567561
0.043480773
0.032006886
-0.028253473
-0.055392507
-0.056985922
-0.045622356
-0.0405409
-0.04821723
-0.066758856
-0.08715369
-0.15744796
-0.23946707
-0.2765709
-0.27452552
-0.28124753
-0.33059096
-0.3352813
-0.29463768
-0.22519079
-0.14695995
-0.104303546
