7.2759576e-10
0.027061127
0.07864736
0.11011474
0.13393325
0.1751842
0.1699046
0.16950193
0.20476216
0.23757672
0.17760202
0.035678446
-0.047076788
-0.1165344
-0.13480347
-0.03646791
0.011157018
0.018846326
0.032587063
0.016906423
-0.016908854
-0.044579584
-0.028104935
0.030129464
0.09800337
0.13759476
0.10926241
0.042371657
0.016637607
0.023733433
0.03047578
-0.0021090973
-0.02565068
-0.043993503
-0.06943452
-0.11967467
-0.1809504
-0.2289291
-0.22345997
-0.21832903
-0.24369127
-0.29655612
-0.24655211
-0.11035745
0.0056392867
0.10489738
0.19573614
0.23380029
0.2764113
0.30300713
0.29688314
0.28579107
0.30792516
0.35141286
0.2641443
0.1322078
0.022076994
-0.08634259
-0.10971855
-0.051203422
-0.015793204
-0.0028734426
-0.005856063
-0.009475164
-0.029663425
-0.054271527
-0.04239833
0.00795145
0.075214505
0.124789536
0.093465954
0.026672766
-0.0020879167
0.009433746
0.020289268
-0.014142689
-0.044996217
-0.069131054
-0.09976254
-0.15412235
-0.22097683
-0.27848077
-0.2814734
-0.2803054
-0.3095328
-0.3537792
-0.32385537
-0.20061629
-0.12810034
-0.09243784
