8.2945917e-10
0.043940265
0.09925139
0.12933712
0.15852489
0.1959672
0.2445569
0.29854754
0.31882328
0.31768703
0.34197307
0.31989825
0.22682495
0.122532204
0.06482522
0.1165867
0.19382901
0.25792345
0.2776705
0.25212336
0.19962943
0.1557427
0.12564945
0.1039115
0.11030573
0.13455082
0.13612723
0.085241176
-0.018031979
-0.108344875
-0.15474904
-0.1566556
-0.17930397
-0.23365906
-0.25834638
-0.27777153
-0.31265825
-0.37963146
-0.44116855
-0.44579014
-0.42697367
-0.41320997
-0.43581766
-0.4243211
-0.32621083
-0.201928
-0.10309056
-0.06964207
-0.04134574
-0.004738259
0.029627433
0.08939324
0.13016424
0.15846276
0.20195475
0.19442621
0.102667026
-0.013740889
-0.03323431
-0.00883111
0.049318116
0.14684291
0.18018807
0.15939552
0.12938319
0.11721548
0.068191536
0.070761554
0.12587094
0.17847562
0.2210203
0.19155973
0.10980222
0.035286207
0.017069582
0.016756002
-0.007744598
-0.05321744
-0.06524347
-0.0795982
-0.1221074
-0.1903707
-0.2516856
-0.25077686
-0.22654398
-0.22287029
-0.24362372
-0.22145686
-0.15630277
-0.111192666
