-1.0186341e-09
0.033149723
0.102859564
0.19424167
0.23291838
0.27537286
0.30270758
0.29719484
0.2857819
0.3070504
0.35103023
0.26654443
0.13369903
0.02341882
-0.085185766
-0.11034324
-0.05155763
-0.015950935
-0.0028978856
-0.005835862
-0.009449975
-0.029631482
-0.05430236
-0.042337276
0.008171044
0.07554257
0.12498887
0.09287587
0.026224593
-0.002285916
0.009770807
0.019999506
-0.014717677
-0.045413014
-0.06959296
-0.10058746
-0.15538698
-0.22263217
-0.2789259
-0.28117585
-0.2806742
-0.31071717
-0.35412824
-0.32090595
-0.1960806
-0.09026086
0.018508513
0.10674387
0.1470055
0.19008303
0.23492214
0.23644541
0.22989926
0.24316253
0.28817004
0.215168
0.074787125
-0.029808875
-0.13996543
-0.17922567
-0.11117201
-0.07076782
-0.05860716
-0.054525025
-0.049434446
-0.057926565
-0.07164175
-0.054045722
0.002108425
0.08386055
0.15523857
0.14728838
0.08845232
0.062325258
0.08085221
0.10198259
0.08024683
0.058059625
0.038107686
0.012170026
-0.029786393
-0.08926667
-0.14426884
-0.14648527
-0.14886978
-0.1847339
-0.23564191
-0.20517978
-0.12809363
-0.09261308
