5.529728e-10
0.03959831
0.08729
0.13004246
0.17154996
0.18004632
0.20503181
0.24787392
0.2553205
0.28488636
0.3301985
0.31015155
0.20210224
0.047896646
-0.008466512
-0.017032556
0.009986237
0.11537786
0.15554765
0.11021663
0.102788076
0.071322106
0.011503499
0.002283262
0.03856519
0.097777635
0.13459408
0.10585537
0.013800979
-0.067063116
-0.10683096
-0.115403116
-0.16524369
-0.21210316
-0.23571947
-0.2611244
-0.30589637
-0.3685121
-0.42358425
-0.4341951
-0.40075955
-0.40721974
-0.42137116
-0.39643306
-0.25610697
-0.10069474
-0.006514837
0.06672557
0.119593844
0.12780415
0.16276875
0.18486339
0.20087942
0.23876932
0.29022738
0.27539876
0.15158507
0.042604133
-0.022961944
-0.02922567
0.05233982
0.13719022
0.17084593
0.1675304
0.15025808
0.12353873
0.08631101
0.08704296
0.130281
0.19600238
0.23354596
0.20519766
0.12134467
0.0640782
0.0471038
0.04149432
-0.0062445616
-0.042511404
-0.067345515
-0.100095935
-0.15309663
-0.21876004
-0.27310675
-0.27293321
-0.26203784
-0.27483192
-0.30855563
-0.26056394
-0.1633376
-0.11609964
