-5.2386895e-10
0.03747834
0.08690019
0.17008603
0.25514936
0.31298336
0.30908915
0.3196977
0.37750784
0.3693077
0.3216591
0.24445583
0.0901187
-0.022391846
-0.0365714
-0.014629796
0.008007314
0.015562933
0.013693752
-0.011886039
-0.0539231
-0.09130222
-0.105486035
-0.068195395
0.033896588
0.087483086
0.071885206
0.021604331
-0.009075211
-0.011320052
0.00061544543
0.012696041
0.012154246
-0.0074417037
-0.025042765
-0.08861819
-0.19134271
-0.20866185
-0.21131447
-0.23223929
-0.2639116
-0.28012305
-0.26136556
-0.20001763
-0.08611897
0.034957252
0.09933223
0.19073725
0.28793454
0.30490607
0.3141531
0.3341608
0.36078122
0.3557691
0.30512136
0.20288317
0.04619465
-0.06448702
-0.07849555
-0.06584602
-0.047636088
-0.037842155
-0.04906968
-0.076510884
-0.11268322
-0.1543198
-0.16356203
-0.115744635
-0.017898673
0.031235715
0.007657144
-0.04646072
-0.08148692
-0.08841563
-0.07935466
-0.068844214
-0.06491308
-0.07355179
-0.093173906
-0.15720685
-0.26227725
-0.26984876
-0.2619215
-0.2935804
-0.31317592
-0.31838006
-0.29610553
-0.22198161
-0.14383505
-0.10014464
