1.2369128e-10
0.0042623305
0.014040277
0.029844984
0.04512594
0.058103796
0.06822343
0.07519431
0.07775907
0.07687858
0.073294654
0.06775204
0.060153443
0.050190333
0.038313743
0.02497942
0.010375201
-0.0049712006
-0.017701231
-0.027522672
-0.035112422
-0.04113237
-0.0455787
-0.04858633
-0.051290248
-0.05204691
-0.050216187
-0.04705686
-0.04153857
-0.034120813
-0.02710264
-0.02065245
-0.015409219
-0.011611077
-0.009400846
-0.008517139
-0.008850683
-0.010646468
-0.013863474
-0.01823087
-0.023278285
-0.027219487
-0.02819015
-0.025695402
-0.017513461
-0.0052460134
0.009245535
0.024577904
0.039615564
0.051951617
0.061366286
0.067807995
0.07033477
0.06963546
0.06577818
0.059756063
0.05173344
0.04184687
0.02983509
0.016913481
0.0027794852
-0.012062497
-0.02385516
-0.032779336
-0.039668303
-0.0449
-0.04855928
-0.05102112
-0.05331856
-0.054049555
-0.052329283
-0.047664702
-0.04078751
-0.03283002
-0.025017533
-0.01821625
-0.013252708
-0.009913883
-0.007396543
-0.0057359897
-0.0054051112
-0.0070531657
-0.01046069
-0.015019523
-0.019521214
-0.023424748
-0.02428291
-0.019165315
-0.0138348015
-0.010480871
