2.937668e-10
0.017788585
0.051977195
0.10346432
0.15890276
0.2175782
0.26939237
0.30470943
0.31232348
0.30766836
0.2628355
0.1639544
0.07789476
0.021382209
-0.0050631166
-0.016206728
-0.023135956
-0.035082135
-0.064523816
-0.09227307
-0.10999189
-0.12223286
-0.102186896
-0.064938135
-0.041930187
-0.03529245
-0.035468787
-0.029934626
-0.02874064
-0.028577002
-0.02593413
-0.028002711
-0.02674415
-0.021901976
-0.034387726
-0.055478364
-0.07797304
-0.09934729
-0.12395252
-0.15419401
-0.18905705
-0.20543024
-0.18447852
-0.113983616
-0.042550296
0.012193866
0.06529476
0.11705379
0.17409752
0.23706469
0.28026676
0.30615214
0.31695372
0.3030203
0.23793505
0.13829009
0.06531983
0.018378468
-0.004337946
-0.012005943
-0.021279734
-0.040469017
-0.067505844
-0.0941191
-0.11325278
-0.115310095
-0.08870592
-0.055986233
-0.041266236
-0.03729036
-0.035078883
-0.030354857
-0.030628933
-0.031451408
-0.031011473
-0.03307333
-0.03107318
-0.031688966
-0.05070046
-0.072331876
-0.09317434
-0.11870567
-0.14675894
-0.1807449
-0.21633768
-0.2215851
-0.18224162
-0.1090699
-0.06755116
-0.0481257
