4.7293724e-10
0.024329849
0.08510904
0.10952278
0.07471922
0.027668372
-0.0053837644
-0.012143224
5.5266428e-05
0.0043953443
0.006854458
0.0021891547
-0.04287156
-0.12418923
-0.20947996
-0.21667765
-0.2294234
-0.26913124
-0.28780437
-0.29230803
-0.26624402
-0.18720019
-0.063547105
0.01789813
0.08842057
0.2049506
0.27964145
0.2811134
0.3166201
0.35480535
0.35500973
0.35443205
0.29135
0.1491125
0.013224918
-0.060115427
-0.06660223
-0.05906742
-0.04006613
-0.028744305
-0.04895682
-0.076801635
-0.11612709
-0.16493303
-0.1491948
-0.076837726
0.008591181
0.026100691
-0.007393999
-0.050946668
-0.08296149
-0.08534449
-0.06799359
-0.061920375
-0.044726916
-0.039951637
-0.08514544
-0.16612455
-0.23167622
-0.23707196
-0.26329938
-0.2908498
-0.29940453
-0.29827318
-0.2581655
-0.16809563
-0.03684862
0.019703325
0.12264419
0.24635962
0.30784357
0.32788712
0.38046023
0.4156743
0.4289285
0.436439
0.36300045
0.22691953
0.101615146
0.04294764
0.03798784
0.04491003
0.06164726
0.06766552
0.0462659
0.013857083
-0.033609368
-0.08615645
-0.07522032
-0.056615178
