-7.566996e-10
0.02179277
0.04903854
0.015317718
-0.039389975
-0.058791187
-0.053974643
-0.0434162
-0.040967636
-0.05300016
-0.07145702
-0.101950064
-0.184443
-0.25540882
-0.2790842
-0.27149338
-0.2943779
-0.33962137
-0.32474065
-0.27804977
-0.19540413
-0.06526519
0.049687564
0.11867734
0.20952049
0.28499103
0.31882134
0.30251184
0.34740362
0.38362905
0.34861654
0.29640204
0.18222213
0.025967214
-0.036283106
-0.029422259
-0.0022250817
0.012336652
0.016715035
0.0056874426
-0.030550655
-0.07258639
-0.10174461
-0.09838601
-0.023464829
0.06981988
0.08686456
0.04968516
0.0028153907
-0.012878962
-0.006585509
0.0069722235
0.015119683
0.0037087551
-0.015364101
-0.044903725
-0.1425026
-0.20922858
-0.20684698
-0.21988997
-0.2473296
-0.27550346
-0.27603838
-0.23679529
-0.1503808
-0.022403378
0.07425671
0.13364363
0.24973613
0.30167428
0.30832154
0.3220745
0.3492127
0.36372146
0.3360499
0.26083782
0.12655596
-0.024833484
-0.07881577
-0.07310898
-0.05641182
-0.040509738
-0.040784195
-0.062257327
-0.09404904
-0.13531063
-0.16664487
-0.1450434
-0.094464146
-0.06430117
