6.9849193e-10
0.018308178
0.05479208
0.10447101
0.15991037
0.22380856
0.26427487
0.2918033
0.31363243
0.30157602
0.24404418
0.15319581
0.08241832
0.033274613
0.0054494753
-0.00276656
-0.01147447
-0.028011128
-0.047761276
-0.07426571
-0.09777903
-0.103384346
-0.08043545
-0.049620207
-0.034682333
-0.024763063
-0.01701341
-0.011227752
-0.0057422053
-0.004527313
-0.009402889
-0.01169163
-0.010881556
-0.011257714
-0.025345834
-0.04511559
-0.06508435
-0.089481115
-0.11679794
-0.14894104
-0.19336727
-0.20784771
-0.17957047
-0.1193517
-0.05756129
-0.001302504
0.04888601
0.09900205
0.1556864
0.21514952
0.25248116
0.27780128
0.30186582
0.28154916
0.2189284
0.13280883
0.06553996
0.020195877
-0.007059272
-0.014190832
-0.022380099
-0.040469207
-0.057351127
-0.082397565
-0.106349856
-0.10449868
-0.08147774
-0.05332633
-0.041006804
-0.030646134
-0.020141616
-0.0146084055
-0.007111523
-0.0028448133
-0.009492048
-0.008269956
-0.0047092503
-0.008554776
-0.021676015
-0.040146526
-0.061031915
-0.08391823
-0.1121994
-0.14678295
-0.18989424
-0.20167726
-0.16533092
-0.10876392
-0.06795691
-0.04854618
