8.731149e-11
0.0037643225
0.011873314
0.024859324
0.039017927
0.051877014
0.062264428
0.069542244
0.07287902
0.07350415
0.071516454
0.06637497
0.05900657
0.049426597
0.03752802
0.024326503
0.010597192
-0.0029938035
-0.016049221
-0.027428463
-0.036137987
-0.043047447
-0.048593905
-0.05303611
-0.05629534
-0.05747591
-0.05641198
-0.053652912
-0.04832107
-0.04133565
-0.034590144
-0.028322557
-0.0232266
-0.019842839
-0.015693191
-0.0117641175
-0.009776622
-0.00982063
-0.011714347
-0.014859563
-0.018905276
-0.022036778
-0.022518214
-0.020158507
-0.013199151
-0.0028542823
0.009517025
0.023097476
0.036637515
0.048847638
0.058054093
0.06391354
0.066945344
0.066266
0.063098356
0.058594108
0.05089477
0.040944353
0.029471416
0.016576804
0.0031844692
-0.009812923
-0.021830067
-0.032076456
-0.04022615
-0.04626652
-0.0516685
-0.05609018
-0.05820258
-0.05895804
-0.057334807
-0.052395795
-0.04672027
-0.040451877
-0.03322384
-0.02758434
-0.02275338
-0.01791647
-0.014034008
-0.01142756
-0.010323304
-0.010706031
-0.012876618
-0.016585298
-0.020214701
-0.022431174
-0.02205299
-0.018439623
-0.012651878
-0.009218136
