-7.094059e-11
0.019403696
0.05922471
0.109092355
0.15806128
0.2127504
0.25991392
0.28072986
0.26465943
0.21688944
0.15813239
0.10769061
0.06598909
0.03136502
0.0040286044
-0.008241752
-0.028182004
-0.059882976
-0.08779646
-0.10170538
-0.099666014
-0.086109385
-0.0774804
-0.074012995
-0.06790712
-0.057378802
-0.047086924
-0.042029038
-0.03547426
-0.02640983
-0.016089734
-0.0052060336
-0.0050800694
-0.020844169
-0.031455126
-0.03969376
-0.05209232
-0.08167954
-0.1215263
-0.15747793
-0.16529466
-0.14734063
-0.11652685
-0.08801393
-0.046337835
0.011046872
0.068737626
0.118089646
0.16868678
0.22454791
0.26886737
0.2862597
0.26427683
0.2144486
0.15674211
0.10955837
0.0663646
0.032558907
0.009935133
-0.0053755185
-0.02907861
-0.06246975
-0.089096524
-0.099829346
-0.09592654
-0.08387878
-0.07713116
-0.07537434
-0.06779521
-0.05948293
-0.0521389
-0.045453586
-0.040445074
-0.033312954
-0.020730423
-0.012459433
-0.015474847
-0.03159361
-0.04061888
-0.048934333
-0.06543381
-0.09632978
-0.1359099
-0.16920981
-0.17097771
-0.15189885
-0.12555917
-0.095250756
-0.066149965
-0.047932435
