-2.3646862e-11
0.0037118825
0.012562291
0.026117511
0.038751397
0.050563887
0.05989432
0.065974034
0.06848891
0.06796667
0.065262504
0.060580324
0.05247241
0.042933356
0.03262845
0.020224944
0.0066340165
-0.006319512
-0.016812745
-0.025812
-0.033657078
-0.040547684
-0.045265358
-0.048766464
-0.051935766
-0.051465955
-0.04930142
-0.04622203
-0.040081643
-0.033050362
-0.026607368
-0.020752756
-0.015546952
-0.010726014
-0.006272655
-0.0034178167
-0.0020557814
-0.0017989774
-0.0036298612
-0.0068103764
-0.010372964
-0.013427397
-0.014451452
-0.011959599
-0.004768246
0.0052150553
0.01750194
0.030538294
0.044115983
0.056284927
0.0651927
0.071295545
0.0744736
0.07459912
0.071829915
0.06651652
0.059177864
0.050264813
0.03933081
0.026205549
0.012738802
-0.0001536347
-0.012017064
-0.022439193
-0.030422555
-0.036278132
-0.041623656
-0.045908116
-0.04831532
-0.049222413
-0.047967963
-0.044403654
-0.03897425
-0.032418855
-0.025729075
-0.020196516
-0.015652027
-0.011450365
-0.0075758826
-0.0044664876
-0.0029351707
-0.0032303068
-0.005025358
-0.007773094
-0.0109508885
-0.014351668
-0.016175698
-0.013867591
-0.010262859
-0.007797241
