lengths extracted from plotCycleSpline

104.48
94.52
109.20
89.96
100.56
102.49
99.44
97.08
99.91
102.33
102.94
96.93
100.06
101.32
99.59
97.21
100.98
101.77
99.31
98.01
101.17
101.54
98.17
98.39
101.66
100.89
98.19
99.21
87.23
100.10
97.01
99.95
86.06
99.63
97.24
98.00
97.98
101.18
99.78
98.62
95.74
99.08
101.16
100.65
100.30
98.70
98.90
98.65
98.50
100.67
101.17
98.70
98.54
97.87
99.59
101.09
101.01
98.54
99.84
100.76
100.05
98.34
98.40
98.49
100.94
102.78
98.76
100.52
98.20
100.80
100.90
99.69
98.81
100.57
98.76
99.60
100.60
98.65
66.60
100.64
98.68
100.24
99.61
99.79
99.69
99.72
99.57
99.89
99.59
99.56
99.33
100.01
99.62
99.67
98.94
100.07
100.16
98.95
99.90
100.57
98.93
99.87
99.42
100.53
98.81
99.63
100.09
99.37
99.83
99.28
99.93
99.39
99.91
99.57
99.60
99.71
99.43
100.01
99.06
100.57
98.93
99.87
99.42
100.53
98.81
99.63
100.09
99.37
99.83
99.28
99.93
99.39
99.91
99.57
99.60
99.71
99.43
100.01
99.06
104.48
94.52
109.20
89.96
100.56
102.49
99.44
97.08
99.91
102.33
102.94
96.93
100.06
101.32
99.59
97.21
100.98
101.77
99.31
98.01
101.17
101.54
98.17
98.39
101.66
100.89
98.19
99.21
87.23
100.10
97.01
99.95
86.06
99.63
97.24
98.00
97.98
101.18
99.78
98.62
95.74
99.08
101.16
100.65
100.30
98.70
98.90
98.65
98.50
100.67
101.17
98.70
98.54
97.87
99.59
101.09
101.01
98.54
99.84
100.76
100.05
98.34
98.40
98.49
100.94
102.78
98.76
100.52
98.20
100.80
100.90
99.69
98.81
100.57
98.76
99.60
100.60
98.65
66.60
98.00
97.98
101.18
99.78
98.62
95.74
99.08
101.16
100.65
100.30
98.70
98.90
98.65
98.50
100.67
101.17
98.70
98.54
97.87
99.59
101.09
101.01
98.54
99.84
100.76
100.05
98.34
98.40
98.49
100.94
102.78
98.76
100.52
98.20
100.80
100.90
99.69
98.81
100.57
98.76
99.60
100.60
98.65
66.60
98.00
97.98
101.18
99.78
98.62
95.74
99.08
101.16
100.65
100.30
98.70
98.90
98.65
98.50
100.67
101.17
98.70
98.54
97.87
99.59
101.09
101.01
98.54
99.84
100.76
100.05
98.34
98.40
98.49
100.94
102.78
98.76
100.52
98.20
100.80
100.90
99.69
98.81
100.57
98.76
99.60
100.60
98.65
66.60
98.00
97.98
101.18
99.78
98.62
95.74
99.08
101.16
100.65
100.30
98.70
98.90
98.65
98.50
100.67
101.17
98.70
98.54
97.87
99.59
101.09
101.01
98.54
99.84
100.76
100.05
98.34
98.40
98.49
100.94
102.78
98.76
100.52
98.20
100.80
100.90
99.69
98.81
100.57
98.76
99.60
100.60
98.65
66.60
98.00
97.98
101.18
99.78
98.62
95.74
99.08
101.16
100.65
100.30
98.70
98.90
98.65
98.50
100.67
101.17
98.70
98.54
97.87
99.59
101.09
101.01
98.54
99.84
100.76
100.05
98.34
98.40
98.49
100.94
102.78
98.76
100.52
98.20
100.80
100.90
99.69
98.81
100.57
98.76
99.60
100.60
98.65
66.60
99.91
99.54
99.48
99.34
100.26
99.43
99.51
99.33
100.49
99.36
99.51
99.86
99.38
100.18
98.97
100.16
99.16
99.80
99.65
99.56
99.91
99.54
99.48
99.34
100.26
99.43
99.51
99.33
100.49
99.36
99.51
99.86
99.38
100.18
98.97
100.16
99.16
99.80
99.65
99.56
99.91
99.54
99.48
99.34
100.26
99.43
99.51
99.33
100.49
99.36
99.51
99.86
99.38
100.18
98.97
100.16
99.16
99.80
99.65
99.56
99.91
99.54
99.48
99.34
100.26
99.43
99.51
99.33
100.49
99.36
99.51
99.86
99.38
100.18
98.97
100.16
99.16
99.80
99.65
99.56
99.91
99.54
99.48
99.34
100.26
99.43
99.51
99.33
100.49
99.36
99.51
99.86
99.38
100.18
98.97
100.16
99.16
99.80
99.65
99.56
99.91
99.54
99.48
99.34
100.26
99.43
99.51
99.33
100.49
99.36
99.51
99.86
99.38
100.18
98.97
100.16
99.16
99.80
99.65
99.56
100.57
98.93
99.87
99.42
100.53
98.81
99.63
100.09
99.37
99.83
99.28
99.93
99.39
99.91
99.57
99.60
99.71
99.43
100.01
99.06
100.57
98.93
99.87
99.42
100.53
98.81
99.63
100.09
99.37
99.83
99.28
99.93
99.39
99.91
99.57
99.60
99.71
99.43
100.01
99.06
100.57
98.93
99.87
99.42
100.53
98.81
99.63
100.09
99.37
99.83
99.28
99.93
99.39
99.91
99.57
99.60
99.71
99.43
100.01
99.06
100.57
98.93
99.87
99.42
100.53
98.81
99.63
100.09
99.37
99.83
99.28
99.93
99.39
99.91
99.57
99.60
99.71
99.43
100.01
99.06
100.57
98.93
99.87
99.42
100.53
98.81
99.63
100.09
99.37
99.83
99.28
99.93
99.39
99.91
99.57
99.60
99.71
99.43
100.01
99.06
100.57
98.93
99.87
99.42
100.53
98.81
99.63
100.09
99.37
99.83
99.28
99.93
99.39
99.91
99.57
99.60
99.71
99.43
100.01
99.06
100.57
98.93
99.87
99.42
100.53
98.81
99.63
100.09
99.37
99.83
99.28
99.93
99.39
99.91
99.57
99.60
99.71
99.43
100.01
99.06
100.57
98.93
99.87
99.42
100.53
98.81
99.63
100.09
99.37
99.83
99.28
99.93
99.39
99.91
99.57
99.60
99.71
99.43
100.01
99.06
100.57
98.93
99.87
99.42
100.53
98.81
99.63
100.09
99.37
99.83
99.28
99.93
99.39
99.91
99.57
99.60
99.71
99.43
100.01
99.06
100.57
98.93
99.87
99.42
100.53
98.81
99.63
100.09
99.37
99.83
99.28
99.93
99.39
99.91
99.57
99.60
99.71
99.43
100.01
99.06
100.57
98.93
99.87
99.42
100.53
98.81
99.63
100.09
99.37
99.83
99.28
99.93
99.39
99.91
99.57
99.60
99.71
99.43
100.01
99.06
100.57
98.93
99.87
99.42
100.53
98.81
99.63
100.09
99.37
99.83
99.28
99.93
99.39
99.91
99.57
99.60
99.71
99.43
100.01
99.06
100.57
98.93
99.87
99.42
100.53
98.81
99.63
100.09
99.37
99.83
99.28
99.93
99.39
99.91
99.57
99.60
99.71
99.43
100.01
99.06
