0.0
0.2626616954803467
0.7136790752410889
0.7379939556121826
0.3744032382965088
0.12544164061546326
-0.05371788144111633
-0.34476137161254883
-0.5120478272438049
-0.2216971516609192
0.249579519033432
0.21483774483203888
-0.1327863186597824
-0.4926643371582031
-0.4234899878501892
-0.11890243738889694
0.25556623935699463
0.48632681369781494
0.7174372673034668
0.48116880655288696
0.05087914317846298
-0.49317026138305664
-0.4144766628742218
-0.1487608253955841
-0.13250404596328735
-0.09354157000780106
0.16205254197120667
-0.10745798796415329
-0.36503511667251587
-0.44311997294425964
0.21776606142520905
0.6495378017425537
0.45054659247398376
0.17972758412361145
0.2915172278881073
-0.053252629935741425
-0.32545775175094604
-0.4119626581668854
-0.1321668028831482
0.09907699376344681
-0.035988084971904755
-0.42467665672302246
-0.288081556558609
-0.1330457329750061
0.22601184248924255
0.4212690591812134
0.4709899127483368
0.4392823576927185
0.18843457102775574
-0.35274195671081543
-0.35216236114501953
-0.07040034979581833
0.019319375976920128
-0.0746457576751709
-0.07338328659534454
-0.14612993597984314
-0.36706215143203735
-0.5552150011062622
-0.2613065242767334
0.0
