5.820766091346741e-11
0.07893934845924377
0.21405065059661865
-0.1845514476299286
-0.22669130563735962
0.12533143162727356
0.26775580644607544
0.11064355820417404
-0.018699325621128082
-0.02775208093225956
-0.08050089329481125
-0.07972770184278488
-0.027874261140823364
-0.017393045127391815
-0.06263566017150879
0.13894438743591309
0.15708765387535095
-0.15032798051834106
-0.2191423773765564
0.09711211919784546
0.19265475869178772
-0.019510312005877495
-0.02496461011469364
0.008163100108504295
-0.03274634853005409
-0.11936356127262115
0.05493998900055885
0.22626937925815582
-0.011618174612522125
-0.33484160900115967
-0.14917631447315216
0.19143156707286835
0.043771229684352875
0.08978387713432312
0.11191471666097641
0.0946844220161438
-0.12281851470470428
-0.034197498112916946
-0.13634368777275085
-0.15812616050243378
0.10930383205413818
0.21222296357154846
-0.0006123557686805725
-0.35988956689834595
0.035779453814029694
0.29927992820739746
0.16787421703338623
-0.20164482295513153
-0.08244138956069946
0.09660100191831589
0.06242966651916504
-0.10715378820896149
-0.1206853911280632
-0.03526896610856056
-0.044679269194602966
0.06519817560911179
0.09857248514890671
0.08128105103969574
-0.04944205284118652
0.20231255888938904
0.003811776638031006
-0.3423798978328705
-0.13416330516338348
0.17464885115623474
0.15135610103607178
-0.1057109609246254
0.05446726456284523
-0.043774593621492386
-0.0898740142583847
-0.06556127965450287
0.1923348754644394
0.17346569895744324
-0.1388617306947708
-0.17592619359493256
0.03669585660099983
0.14465609192848206
-0.02354109287261963
0.034311842173337936
-0.05116849020123482
-0.09219832718372345
-0.11160283535718918
-0.008333694189786911
-0.036800649017095566
0.09690416604280472
0.33285951614379883
0.2334684133529663
-0.23578299582004547
-0.42041152715682983
-0.05955846235156059
-0.00023865779803600162
