2.6193447411060333e-10
0.06559664756059647
0.20028267800807953
0.23369824886322021
0.11383851617574692
0.009648334234952927
0.08579401671886444
0.1862555742263794
0.12490297108888626
-0.002679537981748581
-0.07253169268369675
-0.02778816409409046
0.0630938932299614
0.11809691786766052
0.06480664759874344
-0.04142800718545914
-0.11425889283418655
-0.06480634212493896
-0.03915742412209511
-0.013550635427236557
-0.018117912113666534
-0.054581593722105026
-0.06943433731794357
-0.08850827813148499
-0.02264130301773548
0.03709396719932556
0.08655804395675659
0.18963032960891724
0.2745649814605713
0.16156239807605743
-0.04926938936114311
-0.17074623703956604
-0.09156281501054764
0.021169466897845268
0.07017552852630615
0.050142958760261536
-0.0248950757086277
-0.0462588369846344
0.005115555599331856
0.11501053720712662
0.06012224778532982
-0.11256859451532364
-0.24650874733924866
-0.15721771121025085
0.1029607430100441
0.2781429588794708
0.2587440013885498
0.0664646327495575
-0.14076043665409088
-0.15797188878059387
-0.03639679029583931
-0.0078625762835145
-0.033850982785224915
-0.08282963931560516
-0.02441665530204773
0.09395894408226013
0.23675790429115295
0.2989777624607086
0.14684684574604034
-0.057374726980924606
-0.12420912832021713
-0.042727258056402206
-0.010632002726197243
-0.060433678328990936
-0.10234065353870392
-0.08012647181749344
-0.08335147053003311
-0.06336230039596558
0.0008556954562664032
0.08187960088253021
0.10272043943405151
0.1317930519580841
0.11920702457427979
-0.022618800401687622
-0.1326638162136078
-0.14965695142745972
-0.016536394134163857
0.14017347991466522
0.23924145102500916
0.22171306610107422
0.11433728039264679
0.07158838957548141
0.12380726635456085
0.04104568809270859
-0.19179268181324005
-0.39812976121902466
-0.4047479033470154
-0.20672133564949036
-0.06551531702280045
-0.00019126053666695952
