9.094947e-13
0.000841509
0.0018011346
0.0015774267
-0.00224684
-0.0062850337
-0.007013468
-0.0050675203
-0.0023914757
-0.001827503
6.66664e-06
0.0010107743
0.00018110115
-0.002384427
-0.003887902
-0.0028493304
-0.00014570134
0.0019554102
0.0015937845
0.0015750714
0.0005940037
-0.0017934002
-0.0030122313
-0.0013544639
0.0022104813
0.0048399195
0.005738839
0.0055190227
0.0042341524
0.004600018
0.0044016363
0.0045268377
0.003996378
0.0016575563
-0.00069458166
-0.002972041
-0.0032433784
-0.0014740258
-0.00044535624
4.5474735e-13
