1.8189894e-12
0.0010274206
0.0020411618
0.001839381
0.0015705782
-0.0065865875
-0.008811244
-0.012316573
-0.008332943
-0.0008290737
-0.0004990103
-0.0053142887
-0.010480317
-0.0112703405
-0.0069087017
-0.010075078
-0.012735296
-0.0100408085
-0.0011934792
-0.011274094
-0.012054443
-0.005538069
0.002752224
0.007351637
0.00953513
0.009020701
0.019336587
0.019185087
0.014412545
0.013213579
0.015179432
0.007970532
0.008352119
0.0029059784
0.010751556
0.010605588
-0.00018963456
-0.0034864563
-0.0015733931
-2.5465852e-11
