7.275958e-12
0.00093524635
0.0036678205
0.008725737
0.011271449
0.010689342
0.010015328
0.0038332788
-0.002154366
-0.004585266
-0.003998518
-0.0007281178
0.0022363064
0.00013156956
-0.001196507
0.00018481
-0.0005502899
-0.0013638709
-0.00084500725
0.0012648634
0.0026863052
0.0034944355
0.0042314045
0.0012270347
-0.000676536
-0.00042925944
-0.002586085
-0.0073818117
-0.007016032
-0.0019846547
0.002631836
0.002271517
-0.000595095
-0.0042412747
-0.005032762
-0.0040261094
-0.0061698644
-0.004097329
-0.0008872502
9.094947e-13
