-4.9112714e-11
0.0038107282
0.00019936077
-0.022492738
-0.004175664
-0.011775241
0.01044006
0.00035225123
0.006317438
0.016053285
0.032284442
0.045074128
0.038136065
0.03623559
0.05672115
0.05005659
0.04603679
0.05511704
0.035704285
0.039849635
0.026561268
0.020038843
0.0038315188
-0.02704516
-0.017360013
-0.010376709
-0.026182592
-0.018476931
-0.025975976
-0.04324384
-0.046656013
-0.039161872
-0.047924507
-0.036488958
-0.021956738
-0.032990225
-0.026159741
-0.017051576
-0.0053269183
9.094947e-12
