2.9558578e-12
0.0014805973
0.004012625
0.0048303707
0.0056486335
0.0055340785
0.0046957443
0.0022449868
0.0003323874
0.0004677275
0.0009979915
-0.0016197269
-0.0048651556
-0.0067585306
-0.0050405944
-0.0018095417
0.00043057746
0.00088762783
0.001486758
-5.9745274e-05
-0.0038232426
-0.0068896264
-0.00540071
-0.0044621346
-0.0024194391
-0.0002224671
0.0014823716
0.00016435224
-0.002624814
-0.0038457469
-0.0018264302
8.071294e-05
0.00075841555
0.0017920956
0.0032317415
0.002337048
0.000120853714
-0.0026297846
-0.00094676507
2.2737368e-13
