1.0913936e-11
0.0014083004
0.0053494377
0.0014239028
-0.0023020236
-0.003205733
-0.004048033
-0.0054324903
-0.009416489
-0.010115953
-0.0033993428
-0.00016057165
-0.0020116507
-0.0026209343
-0.004605839
-0.0068524987
-0.008179611
-0.006651723
0.003397659
0.007001829
0.0029792697
0.003995559
0.0067690453
0.008905947
0.010032894
0.011390861
0.009879839
0.005786809
-0.0018436627
-0.007959317
-0.005833729
-0.0021694943
-0.0013167652
-5.785376e-05
-0.00064907724
-0.00019274632
-0.0010916829
-0.004306128
-0.00182571
-7.275958e-12
