1.364242e-12
0.0019845
-0.002381198
-0.013577889
-0.01010233
-0.014445127
-0.013185203
-0.010829531
-0.009891007
-0.005002559
-0.008025533
-0.007895062
-0.0041611595
0.0037258333
0.005917168
0.019578837
0.019409636
0.018138135
0.018999752
0.018996255
0.01278085
0.015046151
0.009079083
0.00719521
0.0061060353
0.005932563
0.0036319876
0.0033779563
-0.005187027
-0.005744175
-0.0053391783
-0.0019110728
0.00078645226
-4.3970766e-05
-0.011566436
-0.012572598
-0.012470961
-0.008964325
-0.0025464518
-1.0913936e-11
