5.456968e-12
0.0016589772
0.0045368746
0.01003235
0.011866013
0.009000096
0.0034532764
-0.00036834812
0.00019514933
0.004055015
0.0032901382
0.0021298542
0.00051882374
7.7456716e-05
-0.0007340412
-0.001437505
-0.0026813704
-0.0012579913
0.003537888
0.0035551449
0.0017305171
0.0016462817
-0.0015920099
-0.0041702576
-0.0048092767
-0.0018002762
0.0017390216
0.0015846518
-0.00071803376
-0.0016690274
-0.0036857876
-0.004568138
-0.0013856199
-0.0021107688
-0.0014325806
-0.0042197066
-0.007910926
-0.004988962
-0.0017574317
3.6379788e-11
