2.728484e-12
0.0012723141
0.0023478724
0.00075974676
-0.0041988567
-0.007814522
-0.0075463112
-0.006693935
-0.0057987957
-0.004620336
-0.0014236171
-0.00039643046
-0.0017486572
-0.004753603
-0.0050275023
-0.0029912654
-0.00026230354
0.0006757639
0.0011034453
0.0017539196
0.00020422466
-0.0027842652
-0.0030536759
-0.0003248994
0.0034636098
0.0049346765
0.00467292
0.004288269
0.0049925297
0.0046118535
0.004751103
0.005375411
0.0044478383
0.002662478
-0.0005237239
-0.0024656984
-0.0023665554
-0.0023169927
-0.0007400948
2.728484e-12
