-3.637979e-12
0.00909171
-0.0018378686
0.0059068585
0.010590427
0.01955164
0.04579962
0.037211955
0.037684247
0.04613384
0.05585984
0.047419805
0.050088678
0.046058092
0.037094794
0.033042967
0.027584897
0.011831553
-0.010242665
-0.028303316
-0.009475723
-0.020225244
-0.020648971
-0.021384515
-0.032972272
-0.05170489
-0.038980994
-0.039876677
-0.052260496
-0.017931892
-0.034377344
-0.024957845
-0.027646959
-0.009203969
0.014478976
-0.014756479
-0.008202672
-0.018434884
2.9862103e-05
1.0913936e-11
