-7.275958e-12
0.0016508074
0.005766882
0.0017998515
0.00024685048
-0.0012538001
-0.0009420107
-0.0026326936
-0.006865649
-0.007935183
-0.0021637015
0.00031879204
-0.001556948
-0.0029467214
-0.0047263047
-0.0078051677
-0.009389437
-0.007973975
0.0017842695
0.0041421317
0.0018817807
0.0019599854
0.006008156
0.007815753
0.00980271
0.012460894
0.010498856
0.007873733
0.00044681248
-0.005692341
-0.0034098628
-1.9464642e-06
0.0016829055
0.0025025904
0.0018565411
0.0021707113
0.00077334687
-0.0029457402
-0.0016990337
7.275958e-12
