7.275958e-12
0.0015177745
0.0012660943
0.0027272413
0.004841732
0.005418076
-0.0014681721
-0.004421117
-0.0015821106
0.000297699
0.004395361
0.002260806
-0.006295326
-0.0052336515
-0.007475026
-0.008847593
-0.010103196
-0.008563959
-0.0069373995
-0.0053855097
-0.00901167
-0.0046920097
-0.0025849994
-0.0059310813
-0.0049352404
0.0004020345
0.0062253983
0.011181
0.011349112
0.007861537
0.008795931
0.009296525
0.010182344
0.010579901
0.005154306
-0.00011929084
-0.0031685792
-0.0023414982
-0.0012708092
8.185452e-12
