0.0
-0.00015521998
-0.00064653624
-0.003482439
-0.0044782236
-0.0021609403
0.00080937624
0.0006604583
0.0024056889
0.0033985572
0.004221689
0.0037757345
0.0068544983
0.008378485
0.004972444
0.00014943321
-0.0005833961
0.00016999082
0.0020800498
0.004526741
0.005177999
0.0011334408
-0.0027817092
-0.0038433964
-0.0039724167
-0.0038281572
-0.0033631246
-0.0031215851
-0.0058576083
-0.0074264305
-0.003868675
-0.00136938
-0.0005761197
-0.0008757302
-0.0032014926
-0.0049109804
-0.0036298274
-0.00019656481
-0.00036453718
3.637979e-12
