9.094947e-13
0.00064739067
0.0021357855
0.0057979254
0.009572601
0.010388071
0.009119508
0.0068836957
-0.00038596708
-0.005691185
-0.003906907
-0.0010022962
0.00025555785
0.0013031984
0.0012568217
0.00085626624
0.00082068355
-0.001564308
-0.0018216107
0.00025472767
0.0027708882
0.0014270516
0.000965916
-0.0004975413
-0.002337375
-0.0014955108
-0.0046810587
-0.008256005
-0.0078528775
-0.0031584203
-0.0005636112
0.0006385131
0.00017895081
-0.0024181923
-0.006915524
-0.008585033
-0.006321211
-0.0050268653
-0.0013220701
9.094947e-13
