5.9117156e-12
0.002254137
0.004674629
0.009431805
0.012570848
0.009892302
0.0038391096
-6.123948e-05
0.00025616784
0.0037883911
0.004056813
0.0010900745
0.00061460235
-0.0003438546
-0.0028392333
-0.001852021
-0.003969764
-0.0021334682
0.0010881163
0.0022945125
0.0006729346
-5.5530923e-05
-0.002441434
-0.00488103
-0.006186837
-0.0026953625
0.000598269
0.0011895087
-0.0018204458
-0.002494107
-0.0044371523
-0.0057582823
-0.003909881
-0.001178048
-0.002166448
-0.002067103
-0.0056254407
-0.006049847
-0.0020794908
7.275958e-12
