1.7462298e-10
0.015813405
0.01798381
-0.003152771
0.042273447
0.11862069
0.16982223
0.18885481
0.11035399
0.18052281
0.165142
0.16048543
0.091288716
0.119174235
0.2044736
0.14064172
0.13818783
0.13863568
0.1696433
0.111197084
0.083464175
0.12784123
0.12401073
0.16992192
0.11171005
0.053228088
0.05213406
-0.026129317
0.016193207
-0.025420606
0.0066612605
-0.002859993
-0.10668115
-0.14765845
-0.123073295
-0.13842545
-0.17487472
-0.18608224
-0.15205054
-0.15913193
-0.11608406
-0.15399742
-0.1156719
-0.08222987
-0.082831025
-0.1534787
-0.13020472
-0.08620922
-0.07416042
-0.095845
-0.12692596
-0.018145524
-0.12069341
-0.0625451
-0.10805764
-0.028054066
-0.04513502
-0.026237516
-0.024838174
-1.2551027e-10
