-1.1368684e-13
0.0016448649
0.005305697
0.009542137
0.009106514
0.006862564
0.002834005
-0.0013576021
0.0013719435
0.005164001
0.004394076
0.0010185804
0.00057143404
0.00090896
-0.00015712093
-0.0033365907
-0.004029775
0.0004284652
0.0018329126
0.00070458814
-0.00041418694
-0.0012050753
-0.0026633744
-0.0053419303
-0.0053287125
-0.0016979445
0.0019798253
0.00049332745
-0.0011582919
-0.0010977938
-0.0028733918
-0.0019847457
-0.00036742372
-0.0013062949
-0.0020431778
-0.00581103
-0.009086631
-0.005486169
-0.0020383373
-1.8189894e-12
