3.637979e-12
0.0007819353
0.00028308656
-0.0038510803
-0.007655223
-0.007317148
-0.008586576
-0.0074999277
-0.0034238196
0.0012065668
-0.0004851158
-0.00016885051
6.1883824e-05
0.0036508774
0.009155443
0.012116712
0.011107177
0.009478687
0.0017101737
-0.0044896933
-0.005452178
-0.004097104
-0.00024264427
-0.00013752573
-0.0035632204
-0.001311513
-0.0021392757
-0.002519529
-0.0004686221
0.002100726
0.0037337383
0.00447071
0.0035576567
0.0002506153
0.0009520735
-0.0016887819
-0.006409221
-0.0049552433
-0.0018719839
9.094947e-13
