1.4551915e-11
0.0007872861
0.0037268566
0.005899038
0.0064858925
0.005598058
0.00558391
0.0049518626
0.004514577
0.005187585
0.0044843317
0.0028619394
0.00028404617
-0.0023250845
-0.0029530816
-0.0025599552
-0.00024441327
0.0038018164
0.005530017
0.002750827
-0.0018836113
-0.004495153
-0.004504431
-0.0039360872
-0.0039172424
-0.001386151
0.0007146391
0.00012065517
-0.0024202075
-0.0047977353
-0.0036210818
-0.0012317561
0.00016810981
0.00041880395
0.0014711401
0.00025574982
-0.0022609853
-0.0032358188
-0.0013535873
-6.82121e-13
