1.8189894e-12
0.00027678302
0.0013980146
0.0019021705
0.0017695825
0.002156216
0.0034935263
0.0052567227
0.0072920923
0.0069625145
0.0047226064
0.0022375279
0.0007381858
0.0008904319
0.0020075957
0.0038280906
0.005361448
0.0049836
0.0030327383
0.00016972856
-0.0021532576
-0.0019046024
-0.0018365628
-0.0022757158
-0.0029765829
-0.0037622792
-0.0054068426
-0.0070843487
-0.0062755765
-0.0038735704
-0.0018705251
-0.0019285385
-0.0031023955
-0.002814416
-0.002992068
-0.0029243815
-0.0026641798
-0.0011756346
-0.0006076584
0.0
