9.094947e-13
0.0010608381
0.002925652
0.0013410728
-0.00011218699
-0.0008290514
-0.0029920386
-0.003142763
0.000113566435
9.6268166e-05
-0.0010629218
-0.0033552088
-0.006486802
-0.0028236134
0.0036253184
0.0071090898
0.012041969
0.011527339
0.0057413946
0.0010583638
-0.00054505956
0.0030869036
0.0042794393
0.0022093693
0.000114811395
0.0007072961
-0.0027978618
-0.0018533154
-0.0033921585
-0.002960908
0.00081773824
0.002404513
0.00090486725
0.00010326874
-0.0020046344
-0.0048302505
-0.006292035
-0.0030482651
-0.00091516733
1.6370905e-11
