1.8189894e-12
0.0009936912
0.0040889652
0.0058064735
0.0012495948
-0.0002603202
-0.00068424596
-0.0034032534
-0.0056629977
-0.0026143012
0.0008249793
2.313184e-05
-0.0047298335
-0.009628846
-0.007059987
-0.004863461
-0.008944519
-0.004295428
-0.0062092347
-0.0046406323
-0.0050943065
-0.009469429
0.001172293
0.00088445394
0.000205891
0.0009723329
0.009564261
0.011995775
0.014194752
0.011386404
0.0075861444
0.0035093226
0.0035799362
0.0028229961
0.002338188
0.00027284626
-0.0033175955
-0.0035012804
-0.0009892115
4.5474735e-13
