1.8189894e-12
0.000761042
0.0031616082
0.0032067846
0.00013005562
-0.0019425829
-0.0009264708
0.0026469205
0.0032663727
0.0018817016
0.0017881851
0.0018121771
0.00014388905
-0.0017146817
-0.0012302566
0.0022632289
0.0040056854
0.0036141567
0.0024094454
0.0014934086
-0.0021067986
-0.004808198
-0.0037804826
-0.0035101445
-0.003466953
-0.004151684
-0.0040962324
-0.0034932233
-0.0012052921
0.000791088
0.0034313418
0.002660544
-0.0018574512
-0.0062214276
-0.008673166
-0.0069303135
-0.0037136048
-0.0022585425
-0.001153753
0.0
