0.0
0.00080415065
0.0015863134
0.0018476341
0.0026166341
0.0042148083
0.0040200925
0.004273737
0.004696953
0.00704445
0.007089869
0.0032752473
-0.0005834006
-0.0018187979
-0.001235435
0.00013841677
0.002089675
0.0042064087
0.003730986
0.00014526123
-0.003135047
-0.0040078023
-0.004031836
-0.0036685676
-0.0030924212
-0.0025642805
-0.002418872
-0.0046560382
-0.0066294065
-0.0053175264
-0.0024455627
-0.0011910186
-0.0012296002
-0.0016305028
-0.0037351912
-0.0051261573
-0.005272966
-0.001914602
-0.00035057814
0.0
