-1.4551915e-11
0.0014927477
0.0011223278
0.0004611055
0.0055361437
0.0043978686
-0.0034830067
-0.0026678387
0.00056886126
0.005710982
0.0051083523
0.00012441701
-0.0044750907
-0.004599915
-0.0068873717
-0.008153004
-0.008926692
-0.0072853793
-0.004219453
-0.0070343595
-0.0075560347
-0.002517831
-0.00083674525
-0.0051574954
-0.003937289
0.004741624
0.008368615
0.012906257
0.01022456
0.007403452
0.009272948
0.006143274
0.008822037
0.007690275
0.0010477008
-0.0035559593
-0.0058792634
-0.004234471
-0.0013816851
-5.456968e-12
