-7.275958e-12
0.0018007094
0.0066044116
0.008275893
0.0048263287
0.0041032163
0.008275872
0.009550272
0.01088143
0.004126742
0.0026744166
0.00046765612
-0.005216362
-0.006172671
0.0013751679
0.0028410705
0.002817987
0.0039754934
0.0013762823
-1.1050841e-05
-0.0021431537
-0.0007062508
0.0051088743
0.0020493965
-0.00015122525
-0.00329272
-0.00435056
-0.004608143
-0.006204104
-0.0092280265
-0.006545337
-0.0034589104
-0.004393231
-0.006778746
-0.005738834
-0.0064829052
-0.008815192
-0.005887911
-0.0023726833
1.8189894e-11
