0.0
0.00034791682
0.0010168735
0.002201564
0.0017817987
-0.0037489876
-0.0072293235
-0.0041181156
0.0013233206
0.0060983216
0.009095701
0.01130981
0.006906415
0.0020282383
0.001239935
0.0056871027
0.0052095186
0.002716055
0.0029742033
0.0019594245
0.0014957776
-0.00227611
-0.0032167793
0.0012185174
0.002667916
0.0007168793
0.00017053969
-0.00036349997
-0.0016462279
-0.0050536674
-0.0065526403
-0.0014188366
-0.00059925416
-0.0017775265
-0.0026410704
-0.0021235277
-0.0017316781
-0.0006852574
-0.00037423553
0.0
