5.9117156e-12
0.0024133706
0.009073076
0.008972299
0.0058564334
0.0057660583
0.010114925
0.011946735
0.011358373
0.005549588
0.0056433887
0.0005622227
-0.0074891406
-0.0072977245
-0.0019154905
-0.001274753
-0.0004261225
0.00046653283
-0.00056103955
-0.002634195
-0.0036587554
-0.0030517774
0.0024703515
0.0023358248
-0.000893015
-0.0031371387
-0.00421217
-0.0037262458
-0.0056095924
-0.009014099
-0.0056900172
-0.00010002346
-0.002410331
-0.004182844
-0.0024967755
-0.0060335808
-0.0067670033
-0.0059447354
-0.0026567602
-2.2737368e-13
