4.5474735e-13
0.00043029943
0.0019992902
0.003485355
0.0023700488
-0.0027943752
-0.007059149
-0.0076776594
-0.0055704173
-0.0046639764
-0.003911729
-0.002295717
-0.0020886944
-0.004065148
-0.006458625
-0.00551558
-0.002213988
0.000493867
0.001333308
0.0016963677
0.002038003
-0.00069307646
-0.0013634422
9.83926e-05
0.0040076356
0.0061040227
0.0069480604
0.005570137
0.004606316
0.004334681
0.0041670944
0.0041327667
0.0020598155
-0.00051132636
-0.0035402298
-0.0051232544
-0.0036976514
-0.0019782966
-0.00076353387
9.094947e-13
