9.094947e-13
0.00048084155
0.0015221188
0.0019726136
0.0012701114
-0.0011067251
-0.00222043
-0.000332859
0.0024601212
0.004992343
0.0053659515
0.005208137
0.0052168146
0.005052541
0.005572751
0.0056567956
0.0052048573
0.0050026067
0.0033714606
-0.000119277975
-0.0028936106
-0.0030154772
-0.0008755274
0.002252502
0.0040936074
0.003345718
0.00016258267
-0.003398643
-0.0052640312
-0.0055578034
-0.005672832
-0.004392184
-0.002118398
-0.0012191781
-0.0016078358
-0.0035628928
-0.0036629147
-0.0020787916
-0.0006582513
-1.0913936e-11
