0.0
0.0010049699
0.0029587592
0.004226839
0.0013292267
-0.00013537485
-8.596957e-05
0.0031841202
0.0045578647
0.003134162
0.0019191169
0.0018303648
0.0010064379
-0.0009088984
-0.0010311743
0.0016160805
0.004655548
0.0038814363
0.0020120568
0.0012285126
-0.00040841906
-0.0049530673
-0.0055794525
-0.002570389
-0.0026881627
-0.002660336
-0.00361128
-0.0021923783
0.00030246028
0.0019224645
0.0034820987
0.0040758387
0.0013868075
-0.0039049804
-0.008312297
-0.0076324856
-0.0032309445
-0.00095110206
-0.00057326385
1.8189894e-12
