8.185452e-12
0.0013235309
0.007902069
0.02167027
0.020056263
0.023647813
0.027035536
0.02158628
0.018009089
0.011931496
0.011597068
0.0065625524
0.017696645
0.008797273
0.00450067
0.006235709
0.0052569057
-0.003212094
-0.010553706
-0.01587736
-0.00487528
-0.008022755
-0.008794728
-0.0072768754
-0.003708189
-0.015868828
-0.017325878
-0.011547411
-0.005327182
-0.00029906444
-0.007815209
-0.025126653
-0.018914504
-0.018075285
-0.015958153
-0.00927474
-0.005548283
-0.0018333643
-0.0010954906
7.275958e-12
