3.637979e-12
0.0008820424
0.00012529572
-0.0076991236
-0.011357141
-0.0078952685
-0.008133243
-0.010181658
-0.010247173
-0.006069087
-0.0077702287
-0.007832244
-0.010627255
-0.00071451336
0.00023073811
-0.0016216706
0.0010624321
0.0074263657
0.012663071
0.0149185145
0.01407701
0.00831503
0.0062874
0.008115669
0.0025465698
0.0053908266
0.0026235238
-0.0026795669
-0.0025950146
-0.0028936535
0.0045252787
0.0064692763
0.0009312611
0.00013586628
0.0015272398
-0.0028292667
-0.0061692973
-0.0033965125
-0.0017495798
3.637979e-12
