2.3646862e-11
0.0031023659
0.0045086714
0.015767694
0.021355685
0.02036634
0.022379916
0.03312356
0.041787688
0.037629273
0.048071224
0.03831639
0.01581242
0.0025843652
0.0065298076
0.00019812095
-0.007948892
-0.0048683025
-0.012901299
-0.00097064185
-0.012637023
-0.00955149
-0.026456032
-0.028199185
-0.021792818
-0.020678135
-0.027246458
-0.012183873
-0.012643149
-0.01704826
-0.011741588
-0.021928757
-0.021242827
-0.015550438
-0.015910627
-0.0042582513
-0.01735399
-0.0066060405
-0.0027976143
-1.8189894e-11
