-2.910383e-11
0.004248529
0.01305562
0.01342418
0.018232005
0.026777398
0.024225343
0.020662583
0.01121899
0.015050081
0.013357268
0.0099559985
4.5069028e-05
0.008390116
0.006136898
0.0023395224
-0.002830224
-0.0074042445
-0.006276406
-0.006365069
-0.0057943747
-0.0013933937
0.0021940302
-0.010300761
-0.016598547
-0.011467705
-0.0051294616
0.0018721198
-0.0048385495
-0.01453438
-0.013686116
-0.017259512
-0.015016398
-0.012601747
-0.010663018
-0.0065931035
-0.0054213456
-0.011453856
-0.0042245705
-5.4569682e-11
