1.0913936e-11
0.0015896217
0.0006894249
0.0015006852
0.008401663
0.0015643858
0.00028426095
0.0071953963
0.0060900175
-0.0015139831
-0.00037631195
-0.00094342325
-0.007415315
-0.0022577993
-0.0013269351
-0.0039735194
-0.0032589936
0.00067042833
0.00060959643
0.0026089256
0.008974746
0.0011629877
0.00017254543
0.007310041
0.0044910787
-0.0020627293
-0.0005554927
-0.0023520149
-0.008691891
-0.0016426304
-0.0024215113
-0.0033686901
-0.0024709953
0.00169461
-0.0001934439
0.002558182
0.0062990654
-0.0017883596
-0.0009882094
0.0
