-2.9831426e-10
0.006516155
0.0538816
0.019450182
0.085069925
0.1292019
0.22794512
0.19977263
0.146344
0.19594237
0.20362316
0.23210287
0.1335357
0.17676291
0.19684449
0.2651291
0.21672712
0.18512526
0.19937795
0.21712658
0.15599856
0.10914044
0.15513748
0.15850936
0.13820347
0.08493634
0.08254368
0.018574012
-0.0056340084
0.00244092
-0.031440914
-0.071024075
-0.055677213
-0.06790296
-0.18532367
-0.21034619
-0.19787106
-0.21268189
-0.26288828
-0.27596217
-0.2326649
-0.19973664
-0.19772252
-0.19804168
-0.14131744
-0.14928298
-0.09440431
-0.12499201
-0.1493476
-0.13079886
-0.13370351
-0.08311796
-0.09770387
-0.08023551
-0.06905468
-0.038445394
-0.041156
-0.05634459
-0.038109854
1.7462298e-10
