1.8189894e-12
0.0005813786
0.0023574086
0.00480044
0.0036862919
0.0016422552
0.0018321234
-0.0019888177
-0.005174947
-0.0040559247
-0.002640958
-0.0027451585
-0.0036398058
-0.0038632695
-0.0029012214
-0.0007923742
0.000574228
0.0027992332
0.0023081475
-0.0012347351
-0.007007679
-0.009198963
-0.00687297
-0.0030591835
-0.0014426875
0.0004854157
0.0037322228
0.0048745126
0.0012712132
0.00019184308
0.00061891496
0.004263726
0.0048069432
0.0030191932
0.0018771372
0.0022459163
0.0008727792
-0.0011751199
-0.00069262885
0.0
