9.094947e-13
0.001357672
-0.0009310452
-0.000118509866
0.0071049556
0.012257179
0.01588968
0.014409732
0.012874896
0.0083768545
0.0060604606
0.005602331
0.006322173
0.0044689993
-0.0017870307
-0.0019214961
-0.0016543783
0.00069650006
0.0061463187
0.003522687
0.00120402
-0.001383526
-0.0020559467
-0.005490336
-0.004099706
-0.0022309113
0.00017905293
-0.0025761486
-0.008865293
-0.010024155
-0.0094487425
-0.008788833
-0.010948592
-0.007978891
-0.008588457
-0.008800909
-0.0065480955
-0.00902852
-0.0024440577
1.4551915e-11
