5.456968e-12
0.00042370558
0.0005939211
0.00058161595
0.0008262346
0.0018702005
0.0033332394
0.0047332007
0.0061414577
0.0052857683
0.002958055
0.0006573281
-3.584451e-05
0.0011702159
0.0018039051
0.003960686
0.005847161
0.0063722376
0.0043131327
0.0016458579
0.0006149864
0.00083604344
0.0006486584
-0.00030982483
-0.0010572965
-0.0020246052
-0.004446389
-0.0062612323
-0.006004984
-0.003663762
-0.0027734304
-0.003200935
-0.0038320175
-0.0031156708
-0.0029595345
-0.003256133
-0.0031212799
-0.0017764856
-0.00053211
5.456968e-12
