0.0
0.00055006647
0.0015289441
0.0033896195
0.0052488325
-0.00080888043
-0.0025180846
-0.0024227933
-0.0013801384
0.0039084246
0.0059127845
-0.0023256512
-0.004210682
-0.0047095586
-0.00740596
-0.007818783
-0.008696201
-0.0071169795
-0.004602945
-0.0070739114
-0.006382454
-0.004264839
-0.0040529016
-0.007132864
-0.003558358
0.001061333
0.006736176
0.011823504
0.00829247
0.0070877387
0.00868343
0.009192402
0.010198666
0.008375737
0.0014247186
-0.0021234015
-0.0030968254
-0.0042601135
-0.0005205364
7.275958e-12
