-3.637979e-12
0.00018263733
0.0009815805
0.002645473
0.004282691
0.005621691
0.005281072
0.0034732586
0.0015406166
0.0008111862
0.0018343602
0.0031011638
0.00413091
0.005968242
0.007271833
0.006520681
0.0040014586
0.0015138394
0.00044421572
0.0004939615
0.00014601152
-0.0009436648
-0.0017712929
-0.002767772
-0.0047438554
-0.006989493
-0.00782032
-0.0069562807
-0.0047605378
-0.0041826223
-0.004792033
-0.005244814
-0.004268489
-0.004268277
-0.0042931708
-0.004221614
-0.0032635252
-0.0014950273
-0.00024976672
5.456968e-12
