7.275958e-12
0.00062211213
0.0019792593
0.0030762635
0.00058034965
-0.0040957443
-0.006707923
-0.005576783
-0.003000995
-0.0016959421
-0.0005053077
0.00055336865
0.00036461547
-0.0021720838
-0.0035137795
-0.003179308
0.00023152423
0.0022622983
0.002859414
0.0027068234
0.002160872
-0.00056646246
-0.0018265322
-0.00047146162
0.0030975523
0.00516789
0.006127319
0.0052529657
0.003842187
0.0031572506
0.003389852
0.003272294
0.0023564652
-0.00051120436
-0.0027282392
-0.004402903
-0.00417993
-0.00161972
-0.0006348647
1.1368684e-12
