-5.4569682e-11
0.0046930867
0.009615767
0.011902027
0.01672454
0.02595009
0.023565194
0.01947936
0.013322227
0.01644942
0.015062976
0.010903311
0.0022733908
0.00995664
0.0059060236
0.0048028203
-0.0037780215
-0.0052160034
-0.008188888
-0.0061845044
-0.007435427
-0.0031516196
-0.00020847563
-0.011347493
-0.02020524
-0.013830767
-0.010110264
-0.0009746712
-0.006148064
-0.015226989
-0.016647475
-0.01784467
-0.017253555
-0.013162705
-0.011936987
-0.0062281345
-0.0034075584
-0.009991466
-0.0037836633
6.8212103e-12
