1.4551915e-11
0.0022279064
0.005094587
0.0005756036
-0.0012429683
0.0008880331
-0.0015203215
-0.005615878
-0.007314134
-0.0014452871
0.0019892305
-0.00021449965
-0.00900913
-0.011982167
-0.005351111
-0.009401628
-0.011614971
-0.006999057
-0.0066660177
-0.005304231
-0.009046656
-0.006833091
-0.00016846153
0.0008074468
-0.0018939676
0.0027426728
0.0068212105
0.014018415
0.015707754
0.01017793
0.0078970725
0.007855354
0.0057530906
0.0028768787
0.0056970776
0.0014174962
-0.0027621372
-0.0035149707
-0.0020983336
4.3201e-12
