7.275958e-12
0.0006864702
0.0028966079
0.0059698503
0.0071288575
0.0065912143
0.0053246496
0.004452386
0.004620307
0.0040135724
0.0031083303
-7.9408346e-05
-0.0026867585
-0.005127635
-0.0049131727
-0.0027785497
-0.001340953
0.0010478972
0.002177304
3.6073267e-05
-0.004830206
-0.007074424
-0.006171798
-0.0029327846
-0.0021466485
-0.000317664
0.0011547003
0.0003809188
-0.002180198
-0.003994187
-0.0028704957
-5.2965246e-05
0.002121665
0.0015257725
0.0015497708
0.00026891867
-0.0023810288
-0.0028233796
-0.0010976819
9.094947e-13
