6.366463e-12
0.0007982685
0.0026527746
0.0005089158
0.0027615633
0.0009866068
-0.0025475346
-0.00049878616
0.0040125735
0.0022097218
-0.00060615723
-0.00084462814
-0.0018588655
-0.002504487
-0.0075273877
-0.0064735133
-0.00019669504
0.0026024454
-0.00058866234
-2.0325766e-05
-0.005070408
-0.0080364775
-0.0058830706
1.2561679e-05
0.0049456763
0.0018634992
0.004062006
0.0038560596
0.0068204873
0.0101411585
0.011397198
0.009175778
0.0047304383
-0.004901285
-0.0074478094
-0.0046326304
-0.00080446305
-0.00051811547
-0.00046400362
0.0
