3.637979e-12
0.0018893755
0.0027651424
-0.0001445639
0.0029766243
0.003780912
0.0065036174
0.01058112
0.011860922
0.010822844
0.008011283
-0.00018035818
-0.005718044
-0.00337512
-0.0008309022
0.0022083318
0.0012997976
0.0016179255
0.0024157614
-0.00034656905
-0.0026585518
0.000822149
0.0037667106
0.0021122121
-0.00058759045
-0.0007708112
-0.0018646092
-0.0018301301
-0.006211577
-0.0075655533
-0.0029609199
0.002382014
0.00060717267
0.00027183158
-0.0015465828
-0.005784616
-0.008071971
-0.005219752
-0.0019968136
-2.3646862e-11
