0.0
0.00021359287
0.0009043457
0.0014868805
0.0025187675
0.002003938
0.00026030873
-0.0038765636
-0.003502654
-0.00019696221
0.0028093979
0.0033426916
0.0040832977
0.0034927935
0.0018997043
-0.00016393728
-0.00029129453
0.0006078212
-0.00047949015
-0.00381994
-0.0060527544
-0.004826207
-0.0017916495
0.0009321935
0.0019087713
0.0025362193
0.0021970286
-0.002906064
-0.005609689
-0.005397466
-0.004710284
-0.0028362477
-0.0006409653
0.0006722719
-0.00082842127
-0.003613568
-0.0037496216
-0.001404556
-0.0005034052
1.0913936e-11
