-1.36424205e-11
0.0017316532
0.0057635102
0.010083824
0.010177387
0.0075499634
0.004046535
0.000254167
0.002425908
0.0064097065
0.00493843
0.002046728
0.0006300364
0.0013423717
0.00035511152
-0.0025085094
-0.0038107694
0.00078600046
0.0026845874
0.0015123534
0.0005846201
-0.00048678764
-0.0021246637
-0.0047320127
-0.00568066
-0.0021049858
0.0009084761
0.0017279603
-0.0013233459
-5.528331e-06
-0.0022156956
-0.0008944635
0.00020389847
0.0007738221
-0.0007977531
-0.002989267
-0.0069811093
-0.0054373024
-0.0017358171
-1.1368684e-13
