8.185452e-12
0.0012732055
0.0017944332
0.0028066614
0.0016771014
0.0009374267
-0.002889215
-0.0062454194
-0.005563808
-0.002152576
0.0013064785
0.00051326875
-0.0027173422
-0.0027616243
-0.0041185664
-0.0062652365
-0.0040642177
-0.0003687937
-0.0016352467
-0.0030287663
-0.0053451355
-0.004598989
0.0013284264
0.0060537485
0.010458631
0.012032607
0.010258605
0.0038886964
-0.0008516591
0.0009827752
0.0046091084
0.0047284043
0.001686547
0.0016598667
0.0017639489
-0.00080358476
-0.0021329722
-0.00091843534
-0.0010814455
2.728484e-12
