-1.8189894e-12
0.0009679714
0.0034901905
0.005064957
0.0048144367
0.0047720047
0.0042966446
0.003942095
0.0044439053
0.0045857225
0.0034307002
0.0019397379
-0.0006669573
-0.0035384833
-0.004421423
-0.0033119598
0.00045223208
0.00375054
0.004328436
0.0012211538
-0.0028074388
-0.0047853636
-0.0052581127
-0.005159762
-0.004431267
-0.0016861145
-0.00072038034
-0.0014323611
-0.0036155446
-0.004620964
-0.0033522607
-0.00075568486
-8.295308e-05
0.0007098667
0.000976193
-0.00114765
-0.0034507676
-0.003124986
-0.0013688949
2.1827873e-11
