1.0913936e-11
0.0014165866
0.0044208323
0.0007916341
0.002295279
0.0055433754
0.0076208664
0.010514431
0.012919327
0.010497481
0.0075437645
-0.0008743154
-0.005847534
-0.00360646
0.0004814543
0.0008652629
0.0022579723
0.0007576084
0.0020322662
-0.00026470667
-0.003618715
0.0025897906
0.004591157
0.0017559166
-0.0004857933
-0.0012938136
-0.0018917099
-0.0033534719
-0.008101112
-0.0072151925
-0.0013479755
0.0006189076
-0.001903572
-0.0026876442
-0.005524369
-0.008309503
-0.011038733
-0.004491714
-0.0015764289
5.456968e-12
