9.094947e-13
0.0006469013
0.0015361696
0.0031368039
0.0048713307
0.004657908
0.0030572286
-0.00040629422
0.0006579916
0.0044960277
0.006602533
0.0070902826
0.0070392424
0.0065368894
0.0043259156
0.001797338
0.0007132355
0.001324365
0.00026562088
-0.0033264437
-0.0060010743
-0.0061193737
-0.0031769895
-0.00037425646
0.0013632382
0.0016264978
0.0023846729
-0.00032360747
-0.004695443
-0.0047719562
-0.0039262795
-0.0017559931
0.00012231339
0.0027631717
0.0027892962
0.0010144688
-0.0017598711
-0.001885269
-0.00013207497
0.0
