9.094947e-12
-5.622441e-05
0.00044610578
0.0013225455
0.0029938389
0.0045255944
0.00535114
0.003518329
0.0011344659
0.00025247788
0.0015316786
0.0022318922
0.0040596146
0.0063661146
0.007882148
0.0058212588
0.0035859086
0.0016543905
0.0017469034
0.0012217636
-0.00012986237
-0.0009536844
-0.0023533935
-0.0047967206
-0.0068437406
-0.0070834155
-0.0048659304
-0.0037736958
-0.0043992423
-0.004704276
-0.0037214798
-0.0038391137
-0.0040914337
-0.0038331647
-0.0024996
-0.00053060945
0.00011821828
0.00028719328
-0.00012874593
9.094947e-13
