7.275958e-12
0.000114964554
0.0015698781
0.0015421384
-0.0016662576
-0.0059617013
-0.008628682
-0.007837426
-0.0037880652
0.0014102774
0.005423806
0.006543972
0.005570711
0.0025544078
-0.00027171348
0.0010089744
0.0030849248
0.002028819
0.0020328942
0.0022335092
0.0009349404
0.00057966437
-0.0021443255
-0.0016397716
0.0013219051
0.0030565034
0.002803606
0.0010710537
0.0012053029
0.00041532854
-0.0030150984
-0.0051335115
-0.0032065257
-0.0005663422
-0.0015871909
-0.001103011
-0.0016364056
-0.0012187287
-0.00049239694
0.0
