5.866241e-11
0.02606639
-0.010825615
-0.04772269
-0.09877198
-0.14122894
-0.20144993
-0.1607207
-0.1970042
-0.2484681
-0.14570217
-0.23166317
-0.1887895
-0.15626606
-0.18594632
-0.12188738
-0.10850333
-0.12436706
-0.12644699
-0.18147403
-0.18216251
-0.09510037
-0.16006109
-0.13907503
-0.09519836
-0.09369609
-0.04042343
-0.06731563
-0.062666826
-0.043660596
0.0058941375
0.049068272
0.025172552
0.083537064
0.12930003
0.22153755
0.19185829
0.13794327
0.19703838
0.19980529
0.24023323
0.09564161
0.20671794
0.2002488
0.2392742
0.1915304
0.18080091
0.19709246
0.24264865
0.1743666
0.17515767
0.09275708
0.17276031
0.15443377
0.1400394
0.08041828
0.06688687
0.021412957
0.0070244186
5.456968e-12
