3.637979e-12
0.0015041954
0.0068530664
0.010239196
0.0065781474
0.0058729993
0.008787572
0.008985898
0.011691956
0.008333195
0.0017788545
0.00047049692
-0.0031689894
-0.0025061467
-0.00017204514
0.0027728113
0.0051481295
0.0038160565
0.0010747125
-0.0016928113
-0.0025134697
-0.0028177248
0.0029556882
0.004564118
-0.0029111337
-0.004236869
-0.006887667
-0.0072396696
-0.009356897
-0.009183232
-0.009210912
-0.0067889397
-0.00671246
-0.007964956
-0.0048798765
-0.005169982
-0.006800226
-0.003675738
-0.00210082
9.094947e-13
