-3.637979e-12
0.0016214441
0.0025489954
0.0017117215
0.0006909352
-0.00048425695
-0.0020109701
-0.0046076123
-0.0057696705
-0.0022157093
0.0008709347
0.0017688792
-0.0013206954
5.386537e-07
-0.00224397
-0.00088073255
0.00027083018
0.0006968415
-0.00079548487
-0.0032169675
-0.0069540665
-0.0052152956
0.00036611827
0.0056485906
0.009698834
0.008973631
0.0067135757
0.0026049863
-0.0014134627
0.0015955627
0.0052964203
0.0042405766
0.0008880008
0.00058624917
0.00090433366
-0.0002264118
-0.0034496384
-0.0038566063
-0.0011133057
3.637979e-12
