1.0913936e-11
0.0020197066
0.00428224
0.0020383417
0.0017212052
0.0057905065
0.007691823
0.0097426465
0.012395963
0.010643146
0.008162457
0.00070293935
-0.0055693686
-0.0035603868
-6.413736e-05
0.0016870857
0.0024990446
0.0018665392
0.0021596663
0.0008119117
-0.003162801
-0.00034026452
0.005150602
0.0014639247
-0.00074245455
-0.0020459706
-0.0022268952
-0.0037541653
-0.00752261
-0.008922281
-0.002885496
0.00036632508
-0.0018501577
-0.0027442663
-0.005507794
-0.007547113
-0.010841928
-0.007138706
-0.0013099238
1.0913936e-11
