0.0
0.0003497192
0.0026910328
0.005508362
0.003287122
0.00058336626
0.0007071579
0.00085457147
-0.0008242413
-0.003981141
-0.0033129083
0.0014326812
0.0015023255
0.00039550173
-0.00066860084
-0.0012495795
-0.0034388453
-0.005565028
-0.0048255585
-0.000827657
0.0023484663
-0.0005512859
-0.00066043984
-0.0017903815
-0.0025658985
-0.0018790073
-0.00018612968
-0.0014952866
-0.0024461038
-0.0065593077
-0.00888301
-0.0049264566
0.0007013759
0.006351566
0.008742584
0.0073424536
0.005882008
-6.928985e-05
-0.00059486943
3.637979e-12
