1.0913936e-11
0.0005854927
0.0016946892
0.0029620128
0.0020818475
-0.0020925037
-0.0071941176
-0.008832468
-0.004835466
-0.0010263987
0.00021986655
0.001238141
0.005268987
0.003731333
0.0010158927
7.1939285e-05
0.0005883847
0.0040737577
0.0038322126
0.002172577
0.0019764176
0.0012355082
0.00058888865
-0.0008666432
0.00019738416
0.003752179
0.0057930336
0.004228187
0.0023756037
0.0025485505
-0.00094474177
-0.004093116
-0.0036842672
-0.0012974313
-0.0019468844
-0.0030774293
-0.0038602594
-0.0016125962
-0.0006264463
0.0
