3.637979e-12
0.0010410392
0.0030541692
0.0042733285
0.0040360857
0.0044645793
0.0041788574
0.0042297607
0.0053566108
0.0053063147
0.004527866
0.00253246
1.9534258e-05
-0.0021162475
-0.0021121146
-0.0009865426
0.0027676984
0.005571683
0.0047341553
0.0006709834
-0.0031392667
-0.0047539473
-0.0048846486
-0.0049667438
-0.0037814947
-0.0016401135
-3.7043676e-05
-0.0014896138
-0.0035908204
-0.00447182
-0.0028218364
-0.00034229376
0.0005802624
0.0011186043
0.0018328595
-0.00023285882
-0.003078212
-0.002711823
-0.0011589541
-3.637979e-12
