2.728484e-12
0.0018226802
0.00391714
0.0029737554
0.0035205132
0.0020708363
-0.0008884948
-0.0015993366
-0.0024706954
0.0044859876
0.0030274848
-0.0011192462
-0.002734225
-0.005215217
-0.004744514
-0.005416018
-0.008061331
-0.0071939467
-0.0029848334
-0.003299261
-0.004632923
-0.0042583654
-0.0039976267
-0.005934553
-0.0055730296
-0.00017311517
0.0064910757
0.008320023
0.0048320633
0.0041041286
0.008206433
0.009507969
0.010919565
0.0044088624
0.002602113
0.00071723195
-0.0050495355
-0.0061733844
-0.0019567404
-1.8189894e-12
