9.094947e-13
0.001430921
0.0019736572
0.0014775082
0.0009067514
0.001756059
0.0067863083
0.012110496
0.012210425
0.012393652
0.0068825204
-0.0007046906
-0.004805986
-0.0048369523
-0.00029721184
0.00014529523
-0.0028256676
-0.0021593377
-0.0021512257
-0.0025798366
-0.0027633985
0.0006811523
0.0010549339
0.0036139677
0.0012434416
-0.0015459767
-0.00029830827
-0.0027673643
-0.008274108
-0.0054096705
0.0013592172
0.0032783032
0.0011796438
-0.004543858
-0.0045375535
-0.0052716304
-0.007307174
-0.0028961096
-0.0005246916
-1.4551915e-11
