1.2732926e-11
0.0009777963
0.0025725588
0.0017564114
-0.00021787756
-0.00044412736
-0.0014846165
-0.005218133
-0.0064202393
-0.0025151835
0.0003983272
-0.0005412739
-0.0015760679
-0.0023815033
-0.002591939
-0.001686811
-0.00059273577
-0.00074810156
-0.0010992421
-0.004848621
-0.009591485
-0.0065506445
-0.0011540273
0.0042868415
0.0069075148
0.008423352
0.0070645195
0.0019818393
-0.0017251419
0.0022555664
0.0055687893
0.002640858
0.0011679868
0.0013839158
0.0013775012
-3.566104e-05
-0.003991269
-0.0031142042
-0.00080337696
2.728484e-12
