-1.8189894e-12
0.0013653678
0.0047266944
0.0034921446
0.0009907717
-0.0008168507
-0.0013169756
-0.0023302627
-0.0059638647
-0.009588606
-0.005772795
-0.0011354384
-0.0020394216
-0.0038731517
-0.004955738
-0.007461463
-0.010939103
-0.007978738
-0.0017840024
0.004181654
0.0022166397
0.002269835
0.005482968
0.006307684
0.009409472
0.011837961
0.009987956
0.007842036
0.0009900676
-0.0073358817
-0.0070908754
-0.0037102154
-0.0024284802
-0.0004304177
-0.002259968
0.0010167803
-0.0015907476
-0.0033585103
-0.0016763108
-2.728484e-12
