-1.1368684e-13
0.002175772
0.003652859
0.007998673
0.0064968904
0.0141114835
0.0206001
0.012802296
0.014290844
0.015142262
0.009621017
0.0043533514
0.0052816058
0.008516545
0.008710698
0.00022033259
-0.0036284428
0.00019431551
0.0021346048
0.004984693
0.00069998147
-0.004691193
-0.006261237
-0.0123979
-0.013186336
-0.0034301395
0.0015384468
-0.0060803997
-0.010808576
-0.0070893783
-0.008426188
-0.008705385
-0.012823134
-0.004302676
-0.0026734413
-0.009504069
-0.013903717
-0.0029428538
-0.00085557933
7.275958e-12
