7.275958e-12
0.00084193214
0.004719522
0.006278923
0.006116333
0.005638846
0.0050948
0.0031444503
0.0007531443
0.00014639033
0.0006442547
-0.00013793295
-0.0031538163
-0.005550401
-0.0042508617
-0.0011931162
0.0019141759
0.002325984
0.0012708148
-4.1355204e-05
-0.0033674892
-0.006964649
-0.006445739
-0.005513624
-0.0031993065
-0.000959522
0.0005873647
0.0011494213
-0.0015897965
-0.0027267637
-0.00081230584
0.0021151914
0.003329731
0.0035960902
0.004749748
0.004498602
0.0024834722
-0.0011348012
-0.001076988
4.5474735e-12
