1.0913936e-11
0.00072083884
0.0022050063
0.0021405984
0.0010205046
0.00056615623
-0.0004907518
-0.0031534322
-0.0051363874
-0.0038711198
-0.00076001923
-0.0017178457
-0.00066694804
-0.0018399486
-0.0014879651
0.001264716
0.002384101
0.0020815993
0.0005620993
-0.0035768626
-0.0069281384
-0.008254303
-0.0043534404
0.0013728391
0.0042657186
0.005367645
0.0063740863
0.0036417267
0.001174332
0.0015750728
0.0017624383
0.0023124423
0.0020684404
0.00097567175
0.00018254976
-0.00046335068
-0.003300717
-0.0020677901
-0.000733745
0.0
