-1.8189894e-12
0.00068514526
0.0039046407
0.0056156158
0.0056248303
0.005410864
0.004982454
0.0045055123
0.0042807464
0.004972751
0.004462365
0.002420155
-0.0003414682
-0.002870468
-0.0036495612
-0.003359514
-0.001663457
0.002282039
0.004260263
0.0022396697
-0.0029667304
-0.005390539
-0.00620602
-0.005387736
-0.0052082785
-0.003466188
-0.0002686873
-0.00040833867
-0.0022139847
-0.0042324727
-0.0045291656
-0.001392972
0.0003337491
0.0011622432
0.002090785
0.0024871866
1.6062811e-05
-0.0018923213
-0.0010463638
1.4551915e-11
