7.275958e-12
0.00014525717
0.0004489675
-0.0006942759
-0.0028165877
-0.0043150634
-0.0022141882
0.0007037314
0.003362568
0.004060602
0.0039244527
0.0042312127
0.0043723853
0.0050061974
0.00549265
0.0050639994
0.0046596103
0.003249959
6.7942194e-05
-0.0028558893
-0.0030498367
-0.0015957559
0.0020127583
0.00425398
0.0040485226
0.0014093198
-0.0023808994
-0.004717114
-0.0054147597
-0.0056057842
-0.005304193
-0.0028908988
-0.0017162671
-0.001859111
-0.0031659082
-0.0048349635
-0.0036877727
-0.0016178027
-0.0003418659
9.094947e-13
