-1.36424205e-11
0.0062835896
0.009757721
0.011601621
0.0156131415
0.011495581
0.027613835
0.031738326
0.028992692
0.021215938
0.03809843
0.04994971
0.036652725
0.03622324
0.021795243
0.0021736606
-0.0010429479
-0.008083278
-0.0071069845
-0.003345408
-0.008000975
-0.021259557
-0.017375696
-0.027580874
-0.017334327
-0.03588641
-0.03971221
-0.019857872
-0.026634298
-0.022387993
-0.006991578
-0.003582571
-0.012629334
-0.016452955
4.2748172e-05
-0.017643481
-0.00597705
-0.006729942
-0.0033341916
2.0008883e-11
