4.5474735e-12
0.0010705949
0.0013147005
0.00050284277
-0.0017023582
-0.0044333115
-0.003140045
0.003875873
0.0072969664
0.011652054
0.012614893
0.006882461
0.00097141176
-0.0011578911
0.0012797811
0.003575754
0.0013821834
-0.0005916312
0.00033377617
-0.0021487852
-0.0024547707
-0.0022366983
-0.003015289
0.0009515545
0.002977728
0.0022290712
0.0015882916
-0.00075247325
-0.003118095
-0.005004112
-0.0025002228
0.0014256721
0.0027445008
0.0005808185
-0.00014984596
-0.0015388103
-0.0033934559
-0.0020723883
-0.0002852577
9.094947e-13
