5.456968e-12
0.0061588003
-0.002322318
-0.029849157
-0.05986515
-0.06484627
-0.04346129
-0.19887483
-0.19450739
-0.21131982
-0.18542266
-0.23950276
-0.27310988
-0.20504808
-0.21162432
-0.19444749
-0.18187916
-0.15976226
-0.1520172
-0.089743495
-0.16974163
-0.16523606
-0.12462884
-0.10925426
-0.07289907
-0.08898304
-0.08938759
-0.001449809
-0.019271836
-0.059589826
-0.030349247
0.019779343
0.040243965
0.087337196
0.04221309
0.17604434
0.18238539
0.17511213
0.11480181
0.1875436
0.15761729
0.16192435
0.09087039
0.11891362
0.21232137
0.15829115
0.17748888
0.1253083
0.18604201
0.14719427
0.11249326
0.090904355
0.13723047
0.10874878
0.15084329
0.074185126
0.042398565
0.05944864
0.0209172
-6.2937033e-10
