1.4551915e-11
0.001252765
0.000910254
0.0027825355
0.0027972604
0.0008358406
0.0002642129
-0.0032333564
0.0013200559
0.0044164564
0.0020973007
-0.0015652848
-0.003377423
-0.0029666205
-0.0037990615
-0.009278205
-0.006808388
5.2430754e-05
-0.0015372126
-0.0030037793
-0.004083177
-0.0051091737
-0.008539277
-0.0064695743
-0.0012824759
0.007167347
0.005562006
0.0017002748
0.0049201343
0.00934126
0.010593689
0.0076594586
0.008241723
0.0043933685
-0.0027935158
-0.008194032
-0.00345988
-0.00032677205
-0.0010446319
0.0
