1.5916157e-12
0.0008793555
0.0014520645
0.0019392536
-0.0022802923
-0.0043609845
-0.0067899115
-0.015027357
-0.008208401
-0.0010925406
-0.002850183
-0.008039752
-0.008356104
-0.009490381
-0.008120079
-0.010847562
-0.012707854
-0.0027653147
-0.0055729467
-0.009806376
-0.009074333
-0.004020882
0.0032497298
0.005336442
0.0048818784
0.011278673
0.016577046
0.014971806
0.015971996
0.016892597
0.012093426
0.006844963
0.00511609
0.0050454205
0.006261185
0.0051521077
-0.003205358
-0.0057170102
-0.0007285977
4.5474735e-13
