2.728484e-12
0.0013862166
0.0047596414
0.009343984
0.016207313
0.013461169
0.008038396
0.008126766
0.0072589354
0.0034995787
0.0044591445
0.004317638
-0.0018248616
-0.0032147067
-0.0032305112
0.004841068
0.006717146
0.0015471904
0.0018876204
0.0023803718
-0.0005297683
-0.0059619052
-0.004305415
0.0013284439
0.0023645489
-0.001865084
-0.012973886
-0.007923422
-0.007048052
-0.012245077
-0.011200251
-0.00811916
-0.007834344
-0.008350821
-0.010980306
-0.0048742127
-0.00023802737
-0.0027135243
-0.0014602168
2.728484e-12
