5.456968e-12
0.0003794129
-0.00019279361
-0.00094146206
-0.002881045
-0.0062108887
-0.0067469175
-0.005289129
-0.0036374964
-0.0014184426
0.0007651448
0.0014605318
0.0006139222
-0.002034538
-0.0022649232
0.0008081377
0.002554528
0.0032024197
0.004004468
0.0044234693
0.0044114958
0.0015307177
-0.000936342
0.00015978562
0.0055185864
0.005888717
0.005189766
0.0044806036
0.0033958217
0.0011835482
-0.0013128431
-0.0020563318
-0.0017009987
-0.002281215
-0.0051655397
-0.00738314
-0.0062356587
-0.0030825743
-0.0006877138
-1.8189894e-11
