9.094947e-12
0.00040325144
0.000986567
0.0034587674
0.0020588785
-0.0011105803
-0.0008667741
-0.0012490021
-0.0074455375
-0.0066748215
-0.00074867567
0.0035478587
0.0020874874
-0.0024593256
-0.0052926345
-0.0040208735
-0.007265755
-0.00512753
-0.00031826476
0.00051906536
-9.824931e-05
-0.00045808984
0.00036817905
0.005370029
0.0113696875
0.011023659
0.012000966
0.0070735635
-0.00015624973
-0.0043765674
-0.0049889917
-0.0003120228
0.00038624537
-0.002590555
-0.002654658
-0.0018708024
-0.002341047
-0.0025577398
-0.00027126988
4.5474735e-13
