-1.8189894e-12
0.0013552131
0.0028151283
0.0028856592
0.0021670607
0.00036255334
-0.00052968704
-0.00080727984
-0.005476288
-0.007275981
-0.004103108
9.06793e-05
0.0010639576
0.0013114335
-0.0026572782
-0.007974646
-0.0070250295
-0.0066730855
-0.0023232098
0.0012466987
0.0025024263
0.0015121817
0.0027057002
0.0042662174
0.010328969
0.013320582
0.012882557
0.011749915
0.0050636353
-0.0037663244
-0.0029208274
-0.0016251074
0.00090951915
0.00072545826
0.00084087974
-0.0005101363
-0.00016596715
-0.0028761483
-0.00086257904
9.094947e-13
