-5.002221e-12
0.0013645627
0.00089867605
-0.00020284564
0.0017894546
0.01032843
0.012047249
0.014225731
0.010888135
0.006824535
0.0035392204
0.0033429577
0.002915902
0.0020784088
-0.00015182636
-0.0036014935
-0.0030616894
0.0001845312
0.0048056827
0.0058896625
0.00023091759
-0.00047452422
-0.0007661312
-0.0053295605
-0.0064236657
-0.002949785
-0.00089172006
-0.001803711
-0.008321157
-0.012427625
-0.0075913984
-0.008974286
-0.00986224
-0.007397447
-0.008015885
-0.004756043
-0.008530041
-0.007587502
-0.0013923649
5.456968e-12
