1.8189894e-11
0.0012354373
0.003350186
0.001858854
-0.0058068577
-0.006266595
-0.0042327642
-0.010078017
-0.0074922326
-0.008965688
-0.007548334
-0.004349966
-0.007907673
-0.007822173
-0.0016680195
-6.869517e-05
-0.0043976037
-0.0025869298
0.0054308195
0.01143319
0.01390476
0.011124696
0.009965195
0.008933918
0.006921013
0.005695975
0.0076624686
0.0012466654
-0.004473718
-0.0053468915
-0.004170081
0.0010285778
0.0027001232
-0.00085768604
0.004280898
0.004005858
-0.0013223477
-0.0061477413
-0.0012162975
1.1368684e-12
