1.2732926e-11
0.0005524555
0.0019806814
5.6735007e-05
-0.002460771
-0.0033226558
-0.0010247999
0.0006413386
0.001431563
0.0020971345
0.0033380126
0.0018951528
-0.0005808088
-0.0032856255
-0.00038481836
0.0040795617
0.00482102
0.0056503545
0.0055365395
0.0046856236
0.0022157305
0.00026817224
0.0005155478
0.000978751
-0.0017608515
-0.005031296
-0.006724891
-0.0048983167
-0.001537955
0.00052342436
0.0008246783
0.0015619822
-0.00031877786
-0.0043906164
-0.0068822275
-0.005440828
-0.004189765
-0.0020027952
-0.00082042767
1.8189894e-12
