9.094947e-13
0.00013715721
0.0009136145
-0.00049844326
-0.0032030246
-0.0036201149
-0.0008250162
0.002796587
0.0046137203
0.004506399
0.0043670917
0.004387058
0.0039644097
0.00442052
0.0052568126
0.004478841
0.0031979121
0.0005458337
-0.0016176351
-0.0030826766
-0.0027212524
-0.00014260603
0.003824424
0.0050301813
0.0028303221
-0.0015211233
-0.004616858
-0.005070289
-0.0050203474
-0.0047716303
-0.002948194
-0.0006936721
3.1786563e-05
-0.0021627473
-0.00392604
-0.0047120107
-0.0023249525
-0.000648102
-0.0003271439
0.0
