3.637979e-12
0.0016196746
0.0029974317
-0.0038448053
-0.009393795
-0.009481905
-0.005843087
-0.010292571
-0.011467164
-0.0067318752
-0.008097441
-0.007448489
-0.011371646
-0.0036654097
0.0006743345
-0.0012998234
-0.00019602547
0.0068316143
0.011917648
0.01563891
0.015614046
0.009148628
0.008172739
0.00870449
0.003163721
0.0052822516
0.0026050145
-0.0021131197
-0.0040726988
-0.0027363473
0.0031379226
0.0063960976
0.00019281422
0.00018305721
0.0014512948
-0.0036199926
-0.006330011
-0.004838545
-0.001953348
-1.8189894e-11
