9.094947e-12
0.0005013775
-0.0003315673
-0.0023067887
-0.0033945628
-0.0037164758
-0.0007642334
0.0034294412
0.0012955745
-0.0016286988
-0.0030363859
-0.0041698064
-0.0040249657
-0.0048982603
-0.008436465
-0.0074629155
-0.0022039232
-0.00028441125
-0.0038145012
-0.0037261266
-0.002706822
-0.0063283173
-0.0066699134
-0.006046031
-0.00200651
0.005982746
0.006644893
0.0042510536
0.0023757883
0.006093325
0.009465858
0.0107891075
0.008958439
0.0058556832
0.0071189567
0.0021589622
-0.003533898
-0.0047785495
-0.0009049623
1.8189894e-12
