1.0913936e-11
0.0027727992
-0.0010354589
0.01103124
0.032765437
0.005764813
0.03145866
0.026096813
0.04154621
0.04011552
0.03912263
0.043459807
0.045087233
0.045651883
0.041121528
0.01750201
-0.0026954343
-0.0019663116
0.00080903096
-0.009555428
-0.011542035
-0.012407638
-0.018344339
-0.03357576
-0.035992682
-0.04414656
-0.032704465
-0.037927367
-0.047896154
-0.03306728
-0.02158399
-0.011221873
-0.00914222
-0.024735235
-0.009937356
-0.010651054
-0.011915536
-0.011550974
-0.0025718021
4.5474735e-13
