1.0913936e-11
0.0010422645
0.008332358
0.0009660042
-0.007551252
-0.012431769
-0.012846116
-0.009279408
-0.010984057
-0.008674015
-0.002509913
-0.004594378
-0.014892343
-0.014869848
-0.005362873
0.0011152709
0.004170395
-0.013305686
-0.014759923
-0.01345674
-0.013733208
-0.012522017
-0.005472315
-0.0030657048
-0.0028239859
-0.0033978943
-0.00017236732
0.0105341505
0.020336164
0.019518172
0.023103457
0.026427183
0.020235635
0.012471903
0.0063058143
0.00995115
0.012622215
0.00040462654
-0.0025174995
0.0
