1.2732926e-11
0.0004226651
0.002135027
-0.015296293
-0.014022137
-0.0002742766
-0.013278119
-0.013662815
-0.016743375
-0.034572996
-0.020950112
-0.022741156
-0.021526672
-0.015694933
-0.008810222
-0.00439702
-0.016872054
-0.0080025885
-0.016210653
-0.01087641
-0.01559926
-0.0050674113
-0.0019021082
-0.005085954
-0.0027454905
0.005039056
0.015997458
0.019919038
0.022595242
0.018462285
0.02676474
0.042068142
0.036033235
0.038965262
0.04176546
0.024406822
0.003736089
-0.005787289
-0.0013513207
1.8189894e-11
