-3.637979e-12
0.0011564466
0.0021727066
0.0046682553
0.004383686
0.00033607276
-0.0055646617
-0.0073892483
-0.0060435575
-0.002535081
-0.0014392321
-7.1789837e-06
0.0044660047
0.003695943
0.0011694254
-0.00053298
0.001231867
0.004539281
0.0043179602
0.0026572705
0.0029420885
0.0024582078
0.0003821593
-0.0008383695
0.00087381375
0.004749798
0.005796606
0.004402252
0.004296512
0.0018229897
-0.0019810835
-0.003570156
-0.0021897666
-0.0026078676
-0.0031258436
-0.00445053
-0.003760128
-0.002538384
-0.00058401114
0.0
