-1.4551915e-11
0.000722379
0.0017768337
0.0025023988
0.0017633773
0.0020885007
0.00055123644
-0.0035626672
0.0009102023
0.0048142322
0.0012371283
-0.0010398842
-0.0020940134
-0.002265417
-0.0040264456
-0.008211386
-0.008386533
-0.0022005008
0.00041399995
-0.0022020808
-0.0027673664
-0.006013535
-0.0076660505
-0.011167295
-0.0058604893
0.0013844937
0.004219704
0.0006262524
0.0027221036
0.0057916157
0.007686567
0.01094519
0.012912699
0.010261515
0.0071482006
-0.0015052423
-0.0059094294
-0.003242267
-0.00085986016
9.094947e-13
