2.2737368e-13
0.00085877674
0.0013982465
0.002279207
0.0027358886
0.0017049294
-0.001278471
-0.00150848
0.0017403339
0.0052997107
0.006581974
0.005911379
0.0052988804
0.005215527
0.0042278687
0.004358754
0.003983233
0.0022116345
-0.00048139424
-0.004202972
-0.0046927473
-0.0045380592
-0.0032118598
-0.00035946944
0.0025494948
0.0008997044
-0.004169553
-0.007953488
-0.007512127
-0.0064771194
-0.0057959817
-0.0040818723
-0.000913308
-0.00034358428
-0.0027635146
-0.005035708
-0.004633979
-0.0018450564
-0.0004680615
1.364242e-12
