1.4551915e-11
0.0010060684
0.0028762969
0.0029429137
0.00062570313
0.005996334
0.0028106733
-0.003818431
-0.003310963
0.004026612
0.0073629
0.0024526005
-0.004314392
-0.0046082744
-0.0029573194
-0.009389216
-0.006634824
-0.006703455
-0.0059190444
-0.0038785292
-0.0074320696
-0.006577408
0.0006363146
-0.0024134219
-0.005626343
-0.000904505
0.007522123
0.0113836145
0.011695701
0.007415556
0.010125691
0.006342674
0.0056270324
0.0066421414
0.0042638932
-0.0021410196
-0.006496379
-0.003550736
-0.0012771998
0.0
