0.0
0.0010297729
0.0032875673
0.0015785387
-0.0014981971
-0.0011987262
-0.0033364745
-0.0045407945
-0.0009305103
0.0010777016
-0.00085211213
-0.0027261395
-0.0043946286
-0.00043524458
0.0051576463
0.008553463
0.0117390985
0.010056474
0.0043500466
-0.0020113646
-0.0032783756
0.0010900431
0.0021025657
-0.0012743413
-0.0015300678
-0.00047892833
-0.0018642755
-0.004463821
-0.0021306742
-0.0014426031
0.002038342
0.0018590086
0.0021886362
0.0005152372
-0.0021504315
-0.00781827
-0.0067359055
-0.0036771714
-0.000984349
1.0913936e-11
