3.637979e-12
0.0014575459
0.0027208985
0.0027170219
0.00025705248
0.00026711772
-4.378485e-05
-0.0062450795
-0.009608144
-0.0053654006
-0.00031841864
0.0009728652
-0.0016122564
-0.0039136237
-0.004970819
-0.0057697482
-0.0068843886
-0.0037838158
0.00014932029
0.00010090386
-3.6171405e-06
-0.0020111264
0.0006230653
0.007893812
0.009797704
0.011944971
0.012099734
0.0072346544
-0.00015462382
-0.0035938264
-0.001711699
0.0016946918
0.0008126964
-0.0019015684
-0.0017612176
0.00012181804
-0.0013309706
-0.002580349
-0.0016428281
-1.2732926e-11
