0.0
0.0006999001
0.0022570002
0.0024675222
0.0019388752
0.00011253974
-0.0025785707
-0.003798396
-0.001595208
0.0018469366
0.003590379
0.0051149204
0.0045799594
0.003255103
0.0017138056
0.0015827017
0.002563868
0.0015087316
-0.0017721299
-0.0042494405
-0.004898178
-0.004313034
-0.0018550946
0.00019475879
0.0017072535
0.0029703048
-0.000103735714
-0.003683673
-0.006123189
-0.005512508
-0.003288742
-0.001129662
-8.963056e-05
0.00059345714
-0.0011103537
-0.002120325
-0.0033262183
-0.0026799825
-0.0007972944
5.456968e-12
