5.684342e-13
0.0012156639
0.0027303048
0.0034154993
0.0011858223
0.0008306104
-0.00023869285
-0.0044471794
-0.0059462097
-0.0032621215
-0.0030229965
-0.0027713152
-0.0037540472
-0.0027563912
-0.00038287416
0.0013114829
0.0035510082
0.0047563137
0.0036981227
-0.00087573205
-0.006205142
-0.0077041774
-0.0048068175
-0.0015399089
-0.0008043959
0.0013876423
0.0040099486
0.004796808
0.0014611625
-3.1563715e-05
0.000735175
0.003653224
0.0050453353
0.0034533974
0.0025368622
0.0026621134
0.0017061477
-0.00034491628
-0.00044560968
2.2737368e-12
