-1.8189894e-11
0.0025207219
-0.0018126196
-0.012630429
-0.013124896
-0.013064269
-0.016748937
-0.0105491765
-0.012581258
-0.005018339
-0.009866222
-0.008937862
-0.004332551
0.0036579906
0.006168086
0.018810311
0.021102594
0.017932659
0.018873688
0.017696127
0.012607162
0.013299251
0.008914733
0.006135862
0.006251988
0.0066323206
0.003985195
0.0038232678
-0.0045424383
-0.004946276
-0.0030411237
-0.0017947447
0.0036181163
-0.00016753329
-0.010596163
-0.012898857
-0.011422081
-0.007931686
-0.0013861789
1.364242e-12
