7.275958e-12
0.001371025
0.0022905488
0.0023567143
0.0034803487
0.0009126977
-0.00048348325
-0.0017496565
-0.0043376675
-0.008266192
-0.0043712608
-0.00060971605
0.003106181
-0.000872334
-0.0054639615
-0.0065685725
-0.0065307803
-0.0066759833
-0.0030394772
0.0013486177
0.0027323407
0.0012573423
0.0018868481
0.0044303834
0.009483125
0.013267474
0.013064899
0.01223273
0.0055264006
-0.0016253102
-0.004181743
-0.0023888173
-1.0252581e-05
0.0020846133
-0.00011776945
-0.0006977852
0.00072070444
-0.0010340542
-0.0012507747
7.275958e-12
