1.8189894e-12
0.00070314715
0.0037564589
0.00391853
0.00081000006
-0.0046716677
-0.0067582596
-0.0068395208
-0.006397688
-0.005929484
-0.003678292
-0.0010367899
-0.0019230621
-0.0041543907
-0.005487882
-0.004550241
-0.0008533311
0.00011199247
0.0013307626
0.0020887384
0.0012359251
-0.0014577515
-0.0022750478
0.00079045503
0.0045215087
0.0059265364
0.005436181
0.005350468
0.0047320845
0.0045761233
0.004429243
0.0048380215
0.004020387
0.0014625282
-0.0013296435
-0.0034713289
-0.0036928325
-0.0028845395
-0.0010027041
0.0
