6.8212103e-12
0.0018179354
0.0057026357
0.0061676255
0.00855813
0.014528298
0.02039297
0.013407731
0.01347001
0.015113211
0.010243073
0.0033438066
0.005310038
0.007227405
0.009278258
0.00014543405
-0.0042673163
-0.0017584375
0.0018025269
0.0017469606
0.003907252
-0.00592813
-0.00454607
-0.0105296895
-0.014057119
-0.00635695
0.00025864798
-0.0022705453
-0.011079151
-0.00959152
-0.006617927
-0.008278744
-0.010236787
-0.009139638
0.00017616089
-0.004112388
-0.0104930755
-0.008449873
-0.0022121174
-1.1368684e-13
