1.2732926e-11
0.0007441222
0.0028251605
0.0035326146
0.0037851192
0.0036975895
0.003030969
0.0015390391
-0.00017898183
-0.0012085342
0.001998636
0.004921758
0.00447491
0.0025101742
0.0014258979
-0.0018696288
-0.0025998845
-0.0034546836
-0.003981554
-0.0034313076
-0.0046320725
-0.005644343
-0.0045639523
-0.0008162199
0.0024429117
0.00414542
0.0017725838
-0.0016890559
-0.0047632433
-0.006650487
-0.004452162
-0.0035318213
-0.0020866706
0.0019861558
0.003232963
0.0014647478
-0.001617633
-0.0021985564
-0.00084189867
7.275958e-12
