3.637979e-12
-2.100598e-06
0.00092369877
0.000992518
-0.0014988964
-0.0034004818
-0.0031434086
0.00027009787
0.0034684688
0.0045946427
0.0047171093
0.004918268
0.005014574
0.0050527332
0.006313165
0.0057322304
0.0053074495
0.0033746108
0.0005875027
-0.0020377017
-0.0029389816
-0.0009087649
0.0024595517
0.00509787
0.0042881574
0.00059069716
-0.0030541285
-0.00493829
-0.0050999625
-0.0054211086
-0.004093121
-0.00166764
-0.00078381813
-0.0025500164
-0.004159472
-0.004844469
-0.0030802325
-0.00052153453
-0.0004965906
0.0
