-1.4551915e-11
0.0013156835
0.0037453957
0.0054336498
0.005218215
0.00486321
0.0047445926
0.004130115
0.004412876
0.004542678
0.003879002
0.0014993703
-0.001652396
-0.002810043
-0.0030538207
-0.0018005905
0.0009793591
0.0048147086
0.00475484
0.0006157878
-0.0040877503
-0.004813765
-0.0044262577
-0.0038143073
-0.002996859
-0.00048916653
0.0011926962
-0.001041803
-0.003397609
-0.0046917205
-0.0026430003
-0.0003727983
0.00020156892
0.00060577865
0.0008573516
-0.0013375665
-0.004043826
-0.003793387
-0.001054114
7.275958e-12
