1.8189894e-12
0.00035963117
0.0007699403
0.0006109769
-0.0017547774
-0.005154728
-0.008442468
-0.00783492
-0.0019197166
0.0026407235
0.0054971827
0.006954175
0.0076019345
0.0062807067
0.003158987
0.0039294795
0.0042776796
0.004884065
0.0049336124
0.0027755746
0.002120437
0.0006074431
-0.0020741147
-0.0020159646
-0.0003064744
0.0014631605
0.001903412
0.0008108899
-0.000842344
-0.0012838468
-0.004587964
-0.0058576367
-0.0045742644
-0.00273704
-0.0018775146
-0.0026849322
-0.003400381
-0.0027754866
-0.0009059566
9.094947e-13
