7.275958e-12
0.0021775584
0.0040475614
0.005783188
0.007209886
0.0053955666
0.0025610176
0.0010428717
0.0019043882
0.0020468899
0.00228574
0.0018106366
0.00017556515
0.00023740897
-0.002256846
-0.0028146037
-0.0009936516
0.0013022771
0.0019376808
0.0010719767
0.00036623154
-0.0012365277
-0.0026976229
-0.006277766
-0.0044566947
-0.002608905
-0.0022230418
-0.0016247891
-0.0024273535
-0.002439015
0.00056864886
0.0025935185
0.0027538298
0.0016391559
-0.0011711224
-0.005238491
-0.007799962
-0.00558877
-0.0013138975
2.1827873e-11
