-2.2737368e-13
0.002343424
0.0071879327
0.005766376
0.0030886433
0.003605368
0.008954096
0.010406192
0.009747509
0.0056713605
0.0072812294
0.0015404868
-0.0047540003
-0.0030790009
0.0015319771
0.0034629272
0.0032626102
0.0044633774
0.0025229892
-0.00016002142
-0.001607911
-0.0031216126
0.0020750533
0.0012378251
-0.0029144431
-0.004904359
-0.0066113155
-0.005484768
-0.007024417
-0.010884416
-0.007485765
-0.0009711874
-0.0024320215
-0.00407239
-0.0025120878
-0.0050400873
-0.006123621
-0.005804793
-0.0023345866
2.1827873e-11
