1.8189894e-12
0.0011394655
0.0004579841
0.00090370176
0.0006434117
0.0023820256
0.008321429
0.010970591
0.011607045
0.011082673
0.0048858006
-0.0032441807
-0.00418207
-0.0018681784
0.00014668697
0.0023924073
0.001584955
0.0009260697
0.0007483076
-0.0011726922
0.00021991227
0.0019478445
0.0038297253
0.0021638193
0.00087217457
2.6239955e-05
-0.0020220242
-0.0041925926
-0.008366954
-0.0071979705
-0.0024605016
-0.00015757859
0.0016928096
-0.0024427262
-0.007088649
-0.0072149765
-0.0061466005
-0.005531256
-0.0011759106
0.0
