9.094947e-12
0.0013790377
0.004696401
0.006680941
0.008297996
0.005263659
-0.00025348185
-0.0026030543
0.002179793
0.0041240384
0.001735382
0.00092386536
0.0016822261
0.0018725061
-0.0001351526
-0.0025370638
-0.0015347828
0.0031601596
0.004774876
0.002616901
0.0018470378
0.0013473378
-0.00031318213
-0.0044092485
-0.0046751406
-0.0017585485
0.0013538599
-0.00017871396
-0.0013523636
-0.0011499876
-0.001998425
3.9649676e-06
-0.00045168307
0.00080762577
-0.00015741982
-0.005250615
-0.008821697
-0.005645691
-0.0017033501
-3.637979e-12
