-1.8189894e-11
0.0015819923
0.0046056486
0.0046536606
0.003136098
0.0065098293
0.01057928
0.015700843
0.015787227
0.012534725
0.012625779
0.01418588
0.013509762
0.011767662
0.008448801
0.004876662
0.0030562235
0.0038586308
0.0041957633
0.004951679
0.0076487344
0.0037286212
-1.2030738e-05
-0.0016842865
-0.003852806
-0.001868726
0.002011799
0.0032233335
0.0044316147
0.0042101173
0.0020603607
-0.00011423661
-0.0018246751
-0.0030335481
-0.0058338894
-0.0093999775
-0.010436049
-0.0055536786
-0.0013318008
2.728484e-12
