7.275958e-12
0.0011330257
0.0027456502
0.0033683944
0.0003879302
-0.003790137
-0.007272586
-0.0074551464
-0.0052395123
-0.0034630718
-0.002257406
0.0017913587
0.0039690947
0.0014714304
-0.0005998624
-0.00033708263
0.0026054531
0.0048032426
0.003987015
0.004629006
0.0041287597
0.002865436
0.0008037961
0.00022562439
0.0013017633
0.0049070767
0.005487172
0.004500493
0.0026447368
-0.000119529606
-0.0024050889
-0.0033369584
-0.0037010973
-0.003981266
-0.00438602
-0.004841853
-0.0054405984
-0.0032740734
-0.000834818
7.275958e-12
