1.364242e-12
0.00036094832
0.0016354189
0.003627608
0.005257693
0.0037710404
-0.00025397894
-0.003435928
-0.0044146553
-0.004695394
-0.0042080805
-0.003844763
-0.0028584888
-0.0034715692
-0.005534702
-0.006609448
-0.004367937
-0.0011354478
-0.0002950778
2.0210136e-05
-0.0005584779
-0.002595435
-0.0039393636
-0.0031733105
-0.00011768463
0.0017486286
0.0017291203
0.0025382575
0.004079133
0.004075817
0.0043304777
0.0044088336
0.0068263044
0.0074790306
0.0038610047
-8.450763e-06
-0.0018534162
-0.0011895159
-0.0005049626
0.0
