4.5474735e-12
0.0002862867
0.0255882
0.022586258
0.014379957
0.031475786
0.028185017
0.045630977
0.036916196
0.043183543
0.039321512
0.046582952
0.044595923
0.03637337
0.0123538645
-0.0022983374
-0.0040130215
0.00048520346
-0.010775338
-0.013249099
-0.0074231103
-0.022111865
-0.02973158
-0.032548796
-0.04498154
-0.023948228
-0.044006433
-0.045934625
-0.028464956
-0.027342081
-0.006622861
-0.020084549
-0.020185368
-0.014171325
-0.010955429
-0.016105952
-0.006690138
0.0019140221
-0.0066921255
-2.910383e-11
