6.366463e-12
0.001913293
0.0027617868
0.0031681359
0.0020993808
0.00094808126
-0.002204039
-0.0022610358
-0.0005156481
0.005004156
0.0014807989
-0.0034714665
-0.003504345
-0.006033523
-0.0062725516
-0.0062560057
-0.009508554
-0.0051549245
-0.004478382
-0.004521784
-0.005548536
-0.003753228
-0.005405947
-0.0052604633
-0.0041898335
0.002198075
0.009091273
0.0076869186
0.005866431
0.006158391
0.009091557
0.011818331
0.010467047
0.005096855
0.0018389948
8.333905e-05
-0.005371743
-0.0048655323
-0.0012298337
3.637979e-12
