0.0
0.0002810915
0.00063006184
0.000119728094
0.00026734124
0.0010791048
0.0025452545
0.0046211104
0.005236862
0.0041121235
0.0016416202
-0.00059295574
-0.00062796177
0.0004456444
0.0016934037
0.003622984
0.004716702
0.0043013385
0.0018748125
-0.0007916527
-0.0015933006
-0.0007598169
-0.0011495549
-0.0017830686
-0.0020845185
-0.0032895366
-0.0055241184
-0.006788856
-0.005380273
-0.0030654147
-0.0019577616
-0.0026066035
-0.0034090935
-0.0026163375
-0.0029038943
-0.0033066294
-0.002548815
-0.001446197
-0.0003881203
4.5474735e-13
