-2.1827873e-11
0.00094572373
0.0031716276
0.0048603355
0.004593147
0.0050360933
0.0052506635
0.005952145
0.0056826947
0.005340344
0.005798119
0.00421078
0.00084797863
-0.0026484428
-0.0027633677
-0.00044455906
0.0026584684
0.00488006
0.0047182483
0.0019762716
-0.0013116287
-0.0037542065
-0.0040112697
-0.0040633488
-0.0028854846
-0.0015398345
-0.001472498
-0.002834436
-0.004443438
-0.005195764
-0.0032986973
-0.0014612301
-0.00037897634
-0.00050295086
-0.001298458
-0.0037379714
-0.0044048447
-0.0032133095
-0.0009304389
-1.0913936e-11
