-9.094947e-12
0.0028937142
0.012812447
0.01917859
0.021250762
0.027188748
0.025658242
0.022519683
0.018335482
0.009294978
0.006897614
0.01590237
0.008045146
-0.0019466141
0.0039071445
0.0021971534
-0.0027245772
-0.0146127315
-0.015968494
-0.0062148524
-0.010748536
-0.006808886
-0.0033386997
-0.001661842
-0.009413044
-0.015201577
-0.007860454
0.0001513518
0.00555764
-0.0068359068
-0.019105842
-0.016645338
-0.014067711
-0.016137248
-0.009069933
-0.005553836
-0.0022985516
-0.0034652236
-0.0038297856
-3.6379788e-11
