4.5474735e-13
0.000701932
0.0027524556
0.0011227573
-0.0049425745
-0.008508506
-0.0058382014
-0.007128332
-0.009253314
-0.0067055533
-0.009133232
-0.00735186
-0.008974461
-0.008829866
0.0029792646
-0.0008437529
0.0011429106
0.0049071675
0.013112642
0.013809936
0.013983871
0.010497446
0.00637503
0.005115038
0.004907774
0.005473744
0.0020690658
-0.0012136898
-0.0026844288
-0.0012006145
0.0034179995
0.005753776
0.0020545993
-0.00021609575
-0.00062161597
-0.0029881315
-0.0058658263
-0.0024515335
-0.0011203171
1.8189894e-12
