3.637979e-12
0.0035823025
0.009603575
0.01221284
0.015511218
0.013897475
0.02338693
0.018570254
0.014768232
0.014904852
0.011787434
0.0074908515
0.0041671228
0.0051842313
0.008012169
0.0060005873
-0.003706603
-0.0073602498
0.002649832
-0.0017186973
0.00083681074
-0.001299009
-0.009919971
-0.012557268
-0.014831137
-0.010104435
-0.0007257528
-0.005194864
-0.008409551
-0.01225642
-0.013673041
-0.009137047
-0.01000906
-0.013249791
-0.0067549315
-0.0025849466
-0.008174758
-0.009871591
-0.0029574088
2.3646862e-11
