-4.5474735e-13
0.0018096522
0.0048901024
0.007702158
0.011036857
0.0112869255
0.0072102533
0.0019314339
-0.0007008269
-0.00032255004
0.0024206894
0.0038682693
0.0017552585
0.00070930907
-0.000365866
-0.00016136712
-0.0024687662
-0.0044591306
-0.0030325784
-0.0046440368
-0.0029716028
-2.6961643e-06
0.00066374126
0.00030699425
-0.00031807093
-0.0018497953
-0.004387141
-0.006094838
-0.0066694585
-0.0041569727
-0.00027738602
0.0019964743
0.001449765
-3.4342986e-05
-0.0003575645
-0.001075296
-0.0025808727
-0.002186982
-0.0006999815
4.5474735e-12
