9.094947e-13
0.00028987043
0.0012442765
0.0021969376
0.00075449416
0.002028351
-0.00038937025
-0.0035684789
0.0027209702
0.0045511904
0.0017341468
-0.0004844775
-0.0012947252
-0.0018802527
-0.0033405588
-0.008069828
-0.0072784075
-0.0015330398
0.0006356569
-0.0018198462
-0.0026818193
-0.0054073734
-0.008026869
-0.011181673
-0.004988397
0.00023781019
0.0021234262
-0.0021468853
0.0006021474
0.0025030337
0.004696076
0.008972103
0.009792811
0.008409949
0.0048923334
-0.0029551587
-0.0067029423
-0.0028073092
-0.00045742953
0.0
