-3.092282e-11
0.005311626
0.015795998
0.00891319
0.012936611
0.020621737
0.01895389
0.035570137
0.03557352
0.027180988
0.038083825
0.05479802
0.04034009
0.04210897
0.016900754
0.0046652826
-0.0006028981
-0.0045601497
-0.00628754
-0.008060763
-0.00656389
-0.019623322
-0.022497488
-0.03283983
-0.029729476
-0.025192373
-0.045801807
-0.030129194
-0.026089512
-0.018496867
-0.01696923
-0.0064307707
-0.014206907
-0.019029412
-0.008878756
-0.01194451
-0.008852697
-0.009529668
-0.0028053415
1.0913936e-11
