5.675247e-10
0.13622251
-0.14861086
0.08186071
0.08401122
-0.034403253
-0.027508654
0.06745696
-0.008877777
-0.12498022
-0.01919002
-0.021605592
-0.047378067
0.0012683953
-0.009370614
-0.08045323
-0.06519552
-0.09434131
-0.05252686
-0.02409634
-0.071650766
0.023376185
-0.0059212986
-0.09638285
0.12958622
-0.05295096
0.090816274
0.16168097
0.07917742
0.08875674
0.0956941
0.11305763
0.07543771
0.103540026
0.07506627
0.0338571
0.05436925
0.10230034
-0.08341695
0.014458216
-0.09907857
-0.05184361
-0.061910674
-0.085617915
-0.02046053
-0.01926843
0.10381153
0.056094144
0.0034754258
0.07432688
-0.03719179
-0.0029127551
-0.030199206
-0.021113694
-0.054703873
-0.040408038
-0.061557095
-0.0012089685
-0.07939055
-1.2641976e-10
