-1.0913936e-11
0.0005806405
0.0045999223
0.00683302
0.00070000644
-0.0024003757
-0.0033404098
-0.00529511
-0.0067901807
-0.0069118408
-0.008579163
-0.0050710314
-0.005979071
-0.007908431
-0.0051554167
-0.0070839203
-0.0073675574
-0.006214064
-0.002409331
0.0043679276
0.009905182
0.005096678
0.006054581
0.007384545
0.009503479
0.011717338
0.0075179134
0.0017509001
0.0004277437
-0.0035534385
-0.0032297382
-0.0018250678
0.0045660585
0.003977148
0.0045715636
0.0013964047
0.00018821761
-0.001796192
-0.0010874862
-7.275958e-12
