-9.094947e-12
0.001040385
0.0031315582
0.0043606157
0.00515894
0.0040043555
0.00276531
0.0013345019
0.0021198548
0.002315969
0.0005796816
-0.0027044024
-0.00461522
-0.0050157546
-0.0037400995
-0.0014258106
0.00051455194
0.002049038
0.00276831
-0.0006229747
-0.0038592445
-0.0061987042
-0.005392254
-0.0031911978
-0.0011156827
-0.00012364564
0.0006626933
-0.0010782556
-0.0018713116
-0.0032802743
-0.0028190957
-0.00040844196
0.0023494004
0.0030397899
0.0030170458
0.0017757413
-0.0002846279
-0.0018409718
-0.00097412826
1.8189894e-12
