1.038643e-09
0.051939614
-0.0373284
0.16925167
0.00943711
0.06858014
0.15019858
0.06691055
0.19965084
0.047904115
0.14320856
0.016720518
0.12618332
0.09049851
0.0184891
-0.024163865
0.040350586
-0.0053841174
0.043934055
-0.009112119
0.0567438
0.07183374
0.08227262
0.04871546
0.025314134
0.04733372
0.012251044
0.008046915
0.038933143
0.013065385
0.021857627
-0.035962496
0.024799021
0.03064638
-0.047084115
-0.03558315
-0.052402303
-0.042267807
-0.042012893
0.07184834
-0.008139703
-0.070647076
-0.089024365
-0.118351035
0.011718741
-0.14830175
-0.09010595
-0.07742706
-0.12276752
-0.20793381
-0.1418235
-0.1911975
-0.14619166
-0.07910341
-0.06838863
0.05331607
-0.060993753
0.029894818
-0.051804315
-2.6921043e-10
