5.456968e-12
0.0017979748
0.0045615556
0.0088807475
0.0087756
0.00658948
0.0025136333
0.0024493276
0.0046439166
0.0051645176
0.003785782
0.0036325974
0.0029162103
0.0025750117
-0.0006320216
-0.00170648
0.0003471832
0.0028194475
0.002477325
0.00059179694
5.0763727e-05
-0.00032167765
-0.0027528466
-0.006209751
-0.0047095893
-0.00058507145
-0.0007887631
-0.0012010093
-0.00046724634
-0.000503627
0.00052572635
0.0020891353
0.0025404282
0.0023288056
-0.0035271314
-0.0073069697
-0.0077245315
-0.005474027
-0.0010750655
1.0004442e-11
