-1.2732926e-11
0.003047084
0.0012717491
0.008701522
0.025283635
0.039773155
0.033935543
0.03351114
0.052646402
0.042615514
0.047641754
0.05505294
0.034809887
0.044895712
0.021168116
0.034909353
0.0048121223
-0.011725662
-0.024970597
-0.016565925
-0.01836282
-0.023650374
-0.017538238
-0.04246224
-0.03718184
-0.04300963
-0.048493586
-0.04180307
-0.028492624
-0.021659855
-0.039259113
-0.016839681
-0.010284444
0.010946821
0.0006787665
-0.02142811
-0.0051557175
0.0033303038
-0.0019483875
1.364242e-12
