2.7284841e-11
0.0027214412
0.0047797314
-0.012402368
-0.01488585
-0.013658475
-0.013397893
-0.013072416
-0.0055001928
-0.003249394
-0.0027604545
-0.0033820616
-0.00032177567
0.010412615
0.020341927
0.01952165
0.023110673
0.026479172
0.02002053
0.012217579
0.0063486146
0.010100821
0.012572237
-0.0008862439
-0.0013569237
0.008183574
-0.0009818629
-0.006589328
-0.0119264815
-0.011228462
-0.0073861964
-0.010582628
-0.005784571
-0.0018917341
-0.0057718097
-0.018293051
-0.013728363
-0.0071825637
-0.0018450042
6.366463e-12
