0.0
0.0012416948
0.0035254846
0.005016475
0.0038384125
-0.000609869
-0.004409838
-0.006796918
-0.004757878
-0.0028127306
-0.0018746213
0.0009993262
0.0045955097
0.0040454986
0.00052643
6.740645e-05
0.0022042855
0.0051976433
0.004967342
0.0044525694
0.0049015805
0.0033263038
0.0013775228
0.00012619523
0.0006811785
0.0036333036
0.0054251994
0.004679766
0.002892031
0.001130093
-0.0022059265
-0.0026985928
-0.003278194
-0.0030346718
-0.0038840137
-0.0041524153
-0.0047303527
-0.003409793
-0.0010366722
7.275958e-12
