4.5474735e-13
0.0004789333
0.00082315033
0.0010557414
0.0014390062
-0.0011541909
-0.005378708
-0.0075092786
-0.0040046424
0.0018273713
0.0057162624
0.008642667
0.0086253155
0.007355806
0.0025404203
-0.001557559
2.2228807e-05
0.0046297694
0.0041175415
0.0006566731
0.00036558957
0.0005483715
-9.5119554e-05
-0.0016013753
-0.0043867035
-0.002818411
0.001561749
0.0020843658
0.0015924417
-0.00041399285
-0.00038187127
-0.0008809889
-0.0042410195
-0.0059982813
-0.003567916
0.0010527597
0.0011929441
0.0005588542
-0.00012235626
1.8189894e-12
