0.0
-0.00015685245
2.021683e-05
0.00095962634
0.0021767472
0.004091037
0.0052149775
0.004631306
0.001967561
0.0003570751
0.0009768128
0.0021047737
0.0031822775
0.0054594697
0.0076196073
0.0068493914
0.0045022885
0.0020184126
0.0017269374
0.001461368
0.0004248639
-0.0006459828
-0.001725302
-0.004008219
-0.0062574763
-0.00744438
-0.0056351116
-0.0039276364
-0.004087447
-0.004736269
-0.004035744
-0.0037030731
-0.003969629
-0.0041454225
-0.0030276254
-0.0010598748
-0.00021459282
0.0005400308
-0.00012560365
1.8189894e-12
