5.456968e-12
0.003367424
0.018810507
0.008612023
0.010572255
0.022046452
0.019389287
0.031806324
0.034865834
0.023467556
0.035518266
0.04533969
0.04049674
0.029543426
0.01833876
-0.007593125
0.0038920592
-0.006855903
-0.0071442924
-0.0024176224
-0.008819956
-0.014296866
-0.020999022
-0.032138567
-0.025684167
-0.028127626
-0.03797073
-0.04093065
-0.019130755
-0.028400568
-0.004271623
-0.01741054
-0.0077057756
-0.016310552
-0.010889119
-0.0054518953
-0.010886662
-0.0025346852
-0.0039545866
-1.1368684e-11
