5.456968e-12
0.0018293938
0.0030930273
0.003105978
0.0055400315
0.014035659
0.013939254
0.01433789
0.01110678
0.007154083
0.0051120734
0.0017739992
0.006049587
0.00539722
-0.0010871794
-0.0025566267
0.0020529602
0.0015568568
0.006654552
0.0061940667
0.001072635
0.00062788813
-0.004864718
-0.005669406
-0.0045798416
-0.0035176112
-0.0021719802
-0.0044704275
-0.009617878
-0.010658353
-0.009377265
-0.009911205
-0.009715023
-0.00631302
-0.009971847
-0.0075937584
-0.007810217
-0.005388108
-0.0022254074
9.094947e-12
