1.0913936e-11
0.0006368102
0.0011334385
0.0030820468
0.004681043
-0.00043179188
-0.0046284674
-0.0027192112
-0.0028375927
0.0026515636
0.004152988
-0.0036302684
-0.0061334614
-0.0051388084
-0.008553958
-0.007985918
-0.008647341
-0.007004624
-0.0037807294
-0.007308846
-0.0057508275
-0.004052897
-0.00458789
-0.007363477
-0.004426722
0.0012614614
0.006032014
0.010458979
0.0070256405
0.0055436445
0.008208878
0.007348686
0.009822231
0.0064163385
0.000496915
-0.002955113
-0.0035111036
-0.0036483854
-0.0005912297
0.0
