2.2737368e-13
0.00046786515
0.0026168628
0.0038965263
0.002324366
-0.0030304992
-0.006205124
-0.0071343756
-0.0040415055
-0.001909391
-0.0013359908
0.0011866449
0.004052183
0.0016159758
-0.0010704547
-0.0021756024
0.00083759206
0.0036310137
0.0024061657
0.0015978178
0.0020348653
0.0008998577
-0.00065412757
-0.002216685
0.00058374665
0.0034736986
0.0041212216
0.002746496
0.002214752
-0.00034500367
-0.004032924
-0.0041099414
-0.0035631987
-0.0035227947
-0.0037689637
-0.0043565957
-0.004044962
-0.002168361
-0.00062834483
0.0
