-2.910383e-11
0.011142776
0.0034145701
-0.019416697
-0.013265818
-0.00572387
-0.002905077
0.002097577
0.00095311156
0.010792777
0.028555501
0.045070734
0.032310247
0.040369436
0.050225727
0.05385846
0.04881335
0.049747996
0.04429751
0.037288986
0.028533222
0.027186522
-0.0010060156
-0.01512818
-0.020490194
-0.0041454663
-0.025131747
-0.017189901
-0.029119086
-0.04577811
-0.05597458
-0.04233528
-0.057867385
-0.0456381
-0.024998412
-0.048755154
-0.022685185
-0.029784592
-0.003607535
-4.9112714e-11
