-9.094947e-12
0.00061327446
0.0015907808
0.0011512653
0.0016776931
0.00038771046
-0.002345511
-0.0030846323
-0.000788087
0.0034204866
0.005360686
0.005439394
0.0048215277
0.0048355917
0.0046814946
0.0046656365
0.0049105105
0.003819467
0.001577195
-0.0012675463
-0.0030640983
-0.0022231168
-0.0011121869
0.00063956797
0.0027663559
0.004084826
-7.054256e-05
-0.0052112187
-0.007387425
-0.0060711913
-0.004838718
-0.0042634257
-0.0026530747
2.9945179e-05
-0.0008479629
-0.0031447604
-0.0045834864
-0.0028230078
-0.0011661061
1.364242e-12
