8.185452e-12
0.001330018
0.0013861819
0.0036372258
0.005338649
0.0050670058
-0.002814848
-0.0017325289
-0.0005392348
0.0021495018
0.0072123962
0.00093663257
-0.0040284107
-0.0037237857
-0.005730417
-0.008239292
-0.007936099
-0.008487983
-0.0051754415
-0.0075755273
-0.009161569
-0.0043748673
-0.0057578543
-0.007412223
-0.005075719
0.001229468
0.0073624793
0.011304716
0.009849837
0.0069953036
0.009535342
0.0088869
0.011245419
0.00810922
0.0026362732
-0.002827822
-0.0029843154
-0.0033731342
-0.0004276405
1.0913936e-11
