1.2732926e-11
0.0023984478
0.0068558804
0.012014464
0.012052745
0.014662418
0.024708351
0.016174627
0.016402401
0.01460802
0.012877903
0.007575627
0.0052033165
0.006290421
0.010061308
0.0052787755
-0.007569915
-0.002163414
-0.0007053143
-0.00017825648
-0.0005948651
-0.0018709982
-0.011615464
-0.011718941
-0.016137252
-0.008143927
-0.0023451906
-0.005147596
-0.009580638
-0.0141659435
-0.012306189
-0.008609291
-0.012874391
-0.012512005
-0.005963307
-0.0022717032
-0.012011595
-0.008018843
-0.00218825
3.6379788e-11
