2.0008883e-11
0.0017862082
0.005079116
0.0011502231
-0.009026881
-0.008044861
-0.005397353
-0.009189113
-0.0111258775
-0.006942775
-0.0077909143
-0.006639383
-0.010978767
-0.0069698375
-0.0031053834
-0.0013861068
-0.0031230503
-0.0018293695
0.007493807
0.012669055
0.013036226
0.008430073
0.007828653
0.008155397
0.0045916727
0.0045126467
0.005594448
0.00018319837
-0.0053833663
-0.0039284634
0.00075736584
0.0048484015
0.0032231521
-0.0006350174
0.0047289566
0.00024624204
-0.0036083367
-0.0056549613
-0.002547558
7.275958e-12
