2.728484e-12
0.00063675956
0.00289472
0.0035822792
0.00023650713
-5.629081e-05
0.00015861192
-0.002554845
-0.0029955655
-0.0019364466
-0.0011668669
0.0024924527
0.0037174993
0.0022346461
0.002162177
-0.0023678583
-0.0045690765
-0.00446177
-0.00064132153
0.003160962
0.001428622
-0.0011810055
-0.0019432179
-0.004119261
-0.0054709488
-0.0021288816
-0.0007250439
-0.002139627
-0.0038113887
-0.00581323
-0.0031413084
0.0030881534
0.00739198
0.01019477
0.010476315
0.0043332796
-0.0023276892
-0.002754068
-0.001191816
9.094947e-12
