-1.8189894e-11
0.0021907047
0.0037617395
-0.00015009777
-0.008085119
-0.011548248
-0.0043444326
-0.01109225
-0.011464616
-0.0079636015
-0.008123425
-0.0071956418
-0.011283357
-0.004889118
0.000754414
0.00056538766
5.747436e-05
0.0067893364
0.011486253
0.018007366
0.017065443
0.011116331
0.010964316
0.010393992
0.0060936054
0.0058966815
0.005175888
-0.0019415022
-0.0042244983
-0.0046841498
0.0021534495
0.004625151
-0.00073789875
-0.0008984925
0.0008703885
-0.0030796272
-0.0069495635
-0.0056787604
-0.0011834493
4.5474735e-13
