4.5474735e-12
0.002836166
-0.00077279983
0.017784044
0.010202486
0.018988706
0.022740098
0.046630133
0.053572748
0.03535591
0.045727443
0.054672793
0.046645038
0.05113205
0.028117364
0.046003193
0.017906608
0.014913569
0.005244717
-0.021610644
-0.034769896
-0.027552627
-0.022730036
-0.031898722
-0.036723033
-0.050924756
-0.05674672
-0.06377302
-0.043344747
-0.037578672
-0.0389347
-0.01989938
-0.022496836
-0.0062237354
-0.012956326
0.025155867
0.0018465208
-0.006783805
-0.003273617
1.4551915e-11
