1.364242e-12
0.00091447064
0.0021193696
0.0023799331
0.0033762532
0.0021330558
-0.00048778226
-0.0017242491
0.00068608683
0.0045176013
0.005934043
0.0056005176
0.00458201
0.004303204
0.0039523533
0.0034869278
0.0035608895
0.0017864514
-0.00083591905
-0.0039917193
-0.005182524
-0.004016832
-0.0025468194
-0.0003533037
0.002961046
0.0025016114
-0.002419602
-0.006355173
-0.006524995
-0.004378029
-0.0039008139
-0.0026219792
-9.4108545e-05
0.0007703542
-0.001650442
-0.00449651
-0.0047676284
-0.0021211528
-0.00036552252
3.637979e-12
