0.0
0.000594329
0.001174927
0.001015648
-0.0003058368
-0.001957398
-0.0026242854
-0.0010952657
0.0024796685
0.0043927617
0.0046460475
0.004931785
0.0052202004
0.00628407
0.0059021087
0.005728938
0.0060787844
0.0059262523
0.0025481796
-0.0012815646
-0.0031550196
-0.0018454185
0.0007060718
0.0030098187
0.004384064
0.003056383
-0.0003329821
-0.0036181794
-0.0049911337
-0.005386309
-0.0051336614
-0.0032422892
-0.002719226
-0.0023351337
-0.0036203037
-0.0050177756
-0.004487465
-0.0018855847
-0.00077247334
9.094947e-12
