1.4551915e-11
0.0006520576
0.0033506197
0.010235369
0.011861359
0.012012386
0.009353203
0.0030649512
-0.0049419533
-0.0042084185
-0.0016890692
0.0011486933
-0.0024066635
-0.0027794968
-0.0021017785
-0.002145742
-0.0026895169
-0.001090274
0.0011403362
0.0042389636
0.003074068
-0.00082819094
0.0021701474
-0.0009837563
-0.007091825
-0.0057333866
-0.00033540482
0.0035003745
0.00044208876
-0.0046051503
-0.004687583
-0.006563211
-0.008448945
-0.0054341303
-0.0023859055
-0.0015283907
-0.002581888
-0.0034972918
-0.0016431642
3.637979e-12
