-8.185452e-12
0.0014484992
0.0034543583
0.005620471
0.0016599948
0.0013510019
-0.0027750144
-0.007720887
-0.011462292
-0.004437226
-0.0022136648
-0.0032261303
-0.006874168
-0.008597717
-0.009306615
-0.009919808
-0.011040433
-0.008942951
-0.005852405
-0.006360255
-0.013218926
-0.00816314
-0.0050477935
0.00055573834
0.0014405379
0.003364926
0.0078824535
0.011345394
0.013280772
0.0147888735
0.013581759
0.007937297
0.0074567553
0.004071493
0.006204131
0.008735717
0.0037732706
-0.0036252285
-0.00071349816
0.0
