7.275958e-12
0.0007082338
0.00279351
0.0029571778
0.0041762497
0.0024563605
0.0007082147
-0.0013681899
-0.001891369
-0.0077862334
-0.005593212
-0.001951508
0.0032546932
0.0003057787
-0.0045444667
-0.006960712
-0.006934149
-0.008149363
-0.00540141
-0.0014614424
0.0011181916
-0.001627383
-0.0007136626
0.0007904245
0.0063573318
0.010944638
0.012074554
0.011245651
0.0060359035
-0.0013820238
-0.0033651725
-0.0018246195
0.000742633
0.0034753066
-0.00037347618
2.088095e-05
0.0010540949
-0.0022278668
-0.00053092645
3.637979e-12
