3.637979e-12
0.0011115943
0.005944027
0.006514604
0.0010573312
0.0013839246
0.0019228586
-0.0037949884
-0.0049602413
-0.0026075144
0.0004893075
0.0001313187
-0.0072921114
-0.011990329
-0.0073046386
-0.00960933
-0.009399653
-0.010945353
-0.006609836
-0.007289122
-0.0086235255
-0.00889441
0.0001980192
0.0018552113
0.00021705905
0.0031454894
0.010777004
0.014641414
0.016760623
0.015305243
0.009306238
0.008528679
0.009296101
0.0046695992
0.008002905
0.0030127233
-0.0010975583
-0.0012124268
-0.00095589715
5.456968e-12
