1.8189894e-12
5.3958123e-05
0.00073665945
0.002003935
0.002330313
0.0018624141
0.0017733496
0.0036989646
0.005928723
0.0066932444
0.004555431
0.0015603865
0.0006220256
0.0005121854
0.0020659305
0.00391844
0.006534119
0.006343932
0.0030598
0.00029683748
-0.0014293354
-0.0026134746
-0.0027944108
-0.0026108446
-0.0030529408
-0.004321684
-0.006663769
-0.0078097787
-0.0063942606
-0.00423298
-0.0021601052
-0.0020651177
-0.0029461298
-0.0040925965
-0.004362078
-0.0033885275
-0.0020493455
-0.0012842289
-0.00052866654
1.364242e-12
