-1.2369128e-10
0.006599003
-0.0020776466
-0.0038122404
-0.020665947
-0.005041565
0.007984181
-0.0071212444
0.009978144
0.0029363688
0.029310495
0.032568958
0.035360225
0.024559472
0.05318831
0.035738982
0.04549949
0.049635794
0.029200431
0.043243144
0.02279815
0.026958471
0.0014047399
-0.023373371
-0.013830325
-0.012539835
-0.022696646
-0.015520684
-0.027561136
-0.045652647
-0.039450154
-0.047945008
-0.045466833
-0.035191853
-0.023101486
-0.028974634
-0.03200426
-0.0048512234
-0.000467707
-1.4551915e-11
