9.094947e-13
0.0018749201
0.002777134
0.0036462327
0.00316079
0.0046695983
0.0072585205
0.012487708
0.013414804
0.011838998
0.008482482
-0.0007781158
-0.0072935573
-0.004393987
-0.0033377162
-0.0013267153
-0.0010822623
-0.0010154396
-0.0010641795
-0.0016485226
-0.002180563
0.0022981795
0.0030287113
0.002654367
0.0014671212
-0.00065294246
5.984417e-05
-0.0037039735
-0.007034486
-0.0059791007
-0.00117099
0.0009442619
0.0014970339
-0.0008008154
-0.0062795393
-0.007887054
-0.0065000113
-0.00463365
-0.00068047084
3.637979e-12
