-3.637979e-12
0.0015770438
0.0022432432
0.0025144722
0.0030243266
0.004181563
0.006339475
0.010957944
0.011535735
0.011014348
0.006712158
-0.00080671185
-0.006994007
-0.004940855
-0.0012321934
-0.0010457705
-0.000471998
0.0005661022
-0.00026333125
-0.0013600686
-0.0027530803
0.0024602902
0.0033434343
0.0018637751
0.00037493737
-0.0002507178
-0.0015946776
-0.0021496045
-0.0077809356
-0.006620136
-3.544911e-05
-0.00018491928
0.0001422601
-0.0016338007
-0.005704004
-0.009179348
-0.008422931
-0.004098325
-0.00089797983
3.637979e-12
