4.5474735e-13
0.00403966
0.0064246194
0.017557837
0.021149375
0.0163504
0.021469
0.035746746
0.04202788
0.03482985
0.03939713
0.03456692
0.009434233
0.00030366762
-0.007838908
0.0065449798
-0.0035895705
-0.017862145
-0.008195082
-0.002195946
-0.015483383
-0.01629268
-0.020874724
-0.029994182
-0.019586695
-0.016464092
-0.024157777
-0.004108173
-0.0076045506
-0.008690148
-0.014320137
-0.0118491445
-0.01703156
-0.012506714
-0.019608289
-0.0031532473
-0.0045369705
-0.010226815
-0.0031649931
1.8189894e-12
