5.0931703e-11
0.0021221004
0.011699028
0.009414735
0.020875415
0.026932243
0.021045875
0.018659363
0.017345492
0.014325354
0.013783879
0.0074457745
0.0031678353
0.0075092465
0.0035871959
0.0027425708
-0.0027042986
-0.0070499014
-0.0067703263
-0.0066328226
-0.0038062641
0.00065937766
-0.0006820897
-0.012922194
-0.016464889
-0.011127799
-0.006838143
-0.00043165043
-0.004638589
-0.014367676
-0.014333373
-0.013992196
-0.013882826
-0.012018511
-0.007895395
-0.0032121334
-0.0077889203
-0.006325798
-0.0035941277
-7.275958e-12
