2.1827873e-11
0.0024972274
0.0059346957
0.0020508303
0.00017324451
0.00675095
0.0070488304
0.010720889
0.009791332
0.010641521
0.007252489
0.00039748603
-0.0048210137
-0.002883837
0.001124924
0.002807339
0.0036600048
0.0033428625
0.0021926584
0.0017355662
-0.0023305924
-3.9264793e-05
0.00436482
0.0043266076
-0.0015899837
-0.0024650847
-0.0025283745
-0.0042661275
-0.0069801756
-0.010456305
-0.004112074
-0.00018174938
-0.0014023336
-0.0028624053
-0.0031478545
-0.006642274
-0.0071664834
-0.0071620406
-0.002916987
3.637979e-12
