5.456968e-12
0.00079183484
0.0011454198
-0.00026394852
-0.0025950312
-0.0030497995
-0.0010853194
0.0010882785
0.0026160781
0.0027515395
0.0032598039
0.002671509
0.0021509004
-0.00063518254
-0.00018030632
0.004021286
0.007027412
0.0063907215
0.005154541
0.003451546
0.0020771374
5.8781006e-05
-0.0015347069
-0.002133068
-0.0015870564
-0.003568464
-0.0051215207
-0.0048853564
-0.001757603
0.0022832113
0.00393839
0.0036627445
0.0011835464
-0.0013982338
-0.0042095357
-0.0049206093
-0.003264967
-0.0027307556
-0.0008158289
5.456968e-12
