-1.8189894e-11
0.0006946287
0.0017691932
0.00069580215
-0.00025699602
-0.0030640406
-0.006486093
-0.0071519855
-0.005683147
-0.004388994
-0.0014874642
0.000276821
0.0010994739
-0.00027815776
-0.0031679962
-0.0018779433
0.0011933439
0.0026595509
0.003398126
0.0037455694
0.0046607223
0.0031749292
0.0001977922
-0.002038046
0.0020621638
0.006002071
0.006059824
0.005792399
0.0056917635
0.004173909
0.0019317984
0.00021705209
0.000507355
0.0005700711
-0.0012868234
-0.0045688944
-0.0052968063
-0.003184121
-0.0010164034
2.728484e-12
