3.637979e-12
0.00044581108
0.0025392422
0.003972885
0.0035418726
0.0027764216
-1.5922706e-06
-0.002013587
-7.0000533e-07
0.0028071313
0.0057723504
0.0065124244
0.006931619
0.0053514848
0.003994714
0.0032273708
0.004097081
0.0033930284
5.390495e-05
-0.002899832
-0.0038601235
-0.00282214
-0.0009303433
0.0011210111
0.0026347442
0.0027901332
-0.00036104675
-0.0049585504
-0.0068159886
-0.0066626687
-0.0043301177
-0.0022564142
-0.0012650703
-0.0005720245
-0.0027194459
-0.00357407
-0.003964005
-0.0025976948
-0.0009249409
-1.0913936e-11
