1.364242e-12
0.00057968684
0.002490209
0.0046618334
0.0029724252
-0.00020021864
0.0021002942
-0.0014765777
-0.007718251
-0.0054567745
-8.6739194e-05
0.0028717555
4.739745e-05
-0.005124633
-0.0047827763
-0.006616964
-0.008108207
-0.0048378394
-0.0007813968
-0.00047166072
-7.0231865e-05
-0.00081323984
0.0014523922
0.008355115
0.0118017625
0.012131255
0.010621189
0.005682589
-0.0022950228
-0.005483883
-0.0028082095
0.00047333853
-0.00062687154
-0.0029815694
-0.002443329
-0.0018684685
-0.0027057393
-0.0020449518
-0.0006885693
2.728484e-12
