2.728484e-12
0.00070849335
0.0017597184
0.0039455583
0.0016431727
0.0021102647
-0.0020191048
-0.005662582
-0.0053670933
-0.0025237582
0.0017761472
0.0017864725
-0.0017646013
-0.001645058
-0.0037401177
-0.0053366516
-0.003691286
0.00028415222
-0.0015561098
-0.0022885518
-0.005715113
-0.00411516
0.0015852536
0.006861562
0.010622817
0.012304895
0.009942709
0.0020646194
-0.001190049
0.00068141136
0.0038704146
0.0023630587
-0.00015017757
0.00019365679
-0.00039593712
-0.003149086
-0.0026485554
-0.0017170911
-0.0007326885
1.8189894e-12
