-1.8189894e-12
0.0017376702
0.0022109302
0.0021064102
0.003233354
-0.0012568058
-0.0023998742
-0.009371195
-0.009564291
-0.007878571
-0.0036952
-0.004135742
-0.0069714477
-0.007308623
-0.010622781
-0.009620167
-0.009201426
-0.010490353
-0.0051630186
-0.0062571373
-0.011322878
-0.008459026
-0.0059350273
-0.0030278303
0.0027075137
0.0018128373
0.005855106
0.009924687
0.012897837
0.016336376
0.012802084
0.010278665
0.0084630335
0.0037864172
0.0058141737
0.006644912
0.007909456
-0.0013374604
-0.001898284
-7.275958e-12
