-4.0017767e-11
0.0034456572
0.0066209524
0.00999277
0.020523293
0.025469353
0.020178162
0.019582473
0.018808424
0.0127860885
0.014244477
0.0065189963
0.005082655
0.00504629
0.0041190796
0.001796735
-0.0011858708
-0.006763128
-0.007913405
-0.00557986
-0.0035730891
0.00021634964
-0.001371948
-0.014820687
-0.013203946
-0.012008148
-0.006576024
0.0021459109
-0.005109951
-0.01364365
-0.013453758
-0.01260131
-0.015882961
-0.010024035
-0.010127066
-0.0040012337
-0.008967999
-0.007863028
-0.001638194
3.637979e-12
