7.275958e-12
0.0013406561
0.0028755814
0.003977669
-0.0029880465
-0.0059701265
-0.0048661963
-0.008174249
-0.008211994
-0.009268274
-0.005870147
-0.005473993
-0.0071160565
-0.0070275627
-0.0008282997
-0.0040785167
-0.0066433894
-6.7381654e-05
0.004481287
0.011759102
0.0116613675
0.008784447
0.008521357
0.0077325255
0.008410475
0.009271551
0.0050736745
-0.001010018
-0.00417585
-0.004571728
-0.00080175453
0.0014899236
0.00094888674
0.0041378844
0.0041119484
-0.0025466972
-0.005844589
-0.0026394047
-0.00077823346
2.728484e-12
