0.0
0.0006011692
0.0052323313
0.0048222872
6.706639e-05
-0.00029606663
-0.000476537
-0.0013402223
-0.0049880603
-0.007552717
-0.002393931
0.0015806688
-0.00065916794
-0.0019676974
-0.0035212466
-0.0071629873
-0.008135838
-0.008277177
-0.00026919367
0.0058972677
0.0003157925
0.00044053711
0.0037784702
0.0061100135
0.00778147
0.0093597025
0.008908981
0.0055235024
-0.000755048
-0.006596442
-0.0040516956
0.0007293881
0.0017158904
0.0036975306
0.002194821
0.003007962
0.00037697903
-0.0018660976
-0.0015267435
1.0913936e-11
