3.637979e-12
0.0011443819
0.005021415
0.0016027174
-0.0034529082
-0.0035048279
-0.005963471
-0.00632278
-0.0061682053
-0.009530556
-0.0052402606
-0.004477437
-0.004521851
-0.0055704108
-0.003728986
-0.0054179206
-0.0052577783
-0.0042965347
0.002038939
0.008983288
0.007760695
0.0058649173
0.006131786
0.008994664
0.011885497
0.010417284
0.0053098933
0.001784028
0.0002915063
-0.00538719
-0.004931912
0.00057016057
0.0020956148
0.0013097818
0.0011734526
-0.0006698132
-0.0027882925
-0.0028444196
-0.0015041117
1.4551915e-11
