2.2737368e-12
0.0011253202
0.0029134643
0.0016374041
-0.0010130479
-0.0019709105
0.001422026
0.0036098724
0.004248335
0.0032620914
0.0035773225
0.0031287079
0.00051867706
-0.00025064542
0.00029326335
0.0033048685
0.0049683913
0.00470079
0.0032616875
0.0015477426
-0.001996421
-0.0037421575
-0.00368702
-0.004411074
-0.004170972
-0.0049747257
-0.005228974
-0.003955575
-0.0027536545
0.0015996217
0.0032211556
0.0030259031
-0.0010311524
-0.004817725
-0.0074048815
-0.005814594
-0.003377935
-0.002361142
-0.0009353086
7.275958e-12
