7.275958e-12
0.0006907504
0.0025846884
0.0048281886
0.0036823382
0.0004963595
0.00016438245
0.0018251474
0.0048333323
0.0043558674
0.0029265233
0.0025892272
0.002369612
0.000809378
-0.0009214204
0.00094503374
0.0040151253
0.005573859
0.0038350364
0.0024202988
0.0023952688
-0.0017362812
-0.004647955
-0.0031893952
-0.002449053
-0.002915291
-0.0043913983
-0.0047761207
-0.0031544846
-0.0014527382
0.0003768155
0.002556542
0.0021759206
-0.0010376915
-0.0063826656
-0.008377113
-0.005718626
-0.0020253686
-0.0005164829
0.0
