0.0
0.00090520584
0.0033656673
0.0035504033
-0.0006993073
-0.005636218
-0.0066370075
-0.0056118285
-0.0047594374
-0.0040287
-0.0012802887
0.0007460895
-0.00087497
-0.0032982174
-0.0046673995
-0.0021879748
0.0007899286
0.0015164113
0.0024009557
0.002702447
0.0013829188
-0.0016309582
-0.0010846462
0.0023024487
0.0056416504
0.006641675
0.005678755
0.0054022367
0.004970495
0.0041582915
0.004556914
0.0036927944
0.0018044868
-0.00080286467
-0.0044215415
-0.0046077603
-0.004431902
-0.0032424657
-0.0008681835
2.728484e-12
