2.728484e-12
0.0008825406
0.0030931649
0.0012378432
-0.0072613894
-0.0055699563
-0.0081785135
-0.008723363
-0.0104661705
-0.008590901
-0.006769674
-0.0048789876
-0.008594108
-0.005321182
-0.0016594733
-0.0059645325
-0.0062998207
-0.0009224769
0.0042886
0.010469272
0.010661872
0.008914257
0.008497287
0.009521353
0.009385091
0.010964566
0.0065034777
0.000586628
-0.002774309
-0.003989171
-0.00012144007
0.0017873575
0.0021376088
0.0048018396
0.005257323
0.0004104236
-0.0049907765
-0.0016284082
-0.0011247158
0.0
