6.8212103e-12
0.002053977
0.0051878225
0.007506635
0.00933211
0.006521548
0.0011926179
-0.0005511059
0.004886074
0.0057200375
0.002718951
0.0016229633
0.0012070354
0.0011196407
-0.0018409593
-0.0044802036
-0.003231701
0.0010209427
0.0019763159
-0.00068643887
-0.000855756
-0.00103401
-0.0029188814
-0.0067258608
-0.0058970954
-0.0020801001
0.00061487535
-0.0008364258
-0.0012157167
-0.0015533601
-0.0011714984
0.00033736904
0.00071087264
0.0015704606
0.000880822
-0.0054208413
-0.008236906
-0.004996049
-0.0016985711
9.094947e-12
