-1.4551915e-11
-0.00013965741
0.014557119
0.020333968
0.00736681
0.013630314
0.028745595
0.038767315
0.04018154
0.035241403
0.029765306
0.02268194
0.009844499
0.007720918
0.0034220442
-0.00058255927
-0.0034141145
-0.0036335976
-0.0038924539
-0.0062000398
-0.009218514
-0.031264596
-0.018920416
-0.014419948
-0.021470591
-0.01810007
-0.012681716
-0.005353233
-0.0058223507
-0.01593234
-0.018933149
-0.0041022403
-0.010833223
-0.0038909968
-0.019075649
-0.016355302
-0.0040109972
-0.0030034306
-0.0032078272
1.0913936e-11
