1.1368684e-12
0.0010758477
0.0029294803
0.004817914
0.007816729
0.013330314
0.014181282
0.017057152
0.015335795
0.009190358
0.009259602
0.00383367
0.0053774044
0.008156043
0.0041004303
-0.002446646
-0.0024993382
0.004711852
0.0034696748
0.0045140865
0.0020908322
-0.00093837327
-0.0060618483
-0.009711892
-0.0062165977
-0.002767678
-0.0031722062
-0.0068088295
-0.0077063357
-0.010862451
-0.0108523015
-0.01129083
-0.011404551
-0.007082055
-0.006946585
-0.012346846
-0.008310404
-0.004496365
-0.0014208689
-3.637979e-12
