0.0
0.0011577716
0.0009332742
0.00042535912
0.005459753
0.0065379753
0.00047139922
0.00046977808
0.0048086243
0.0064303163
-0.0009823921
-0.0012472833
-0.0022802348
-0.0036891785
-0.009322425
-0.0035157565
-0.0029174527
-0.003619506
-0.003155814
-0.001519555
0.0017033096
4.14495e-05
0.002628983
0.0075749406
0.003292552
0.00017346127
0.003505371
0.0080809845
0.0037317153
-0.0011624643
-9.3905575e-05
-0.0014294266
-0.0064897276
-0.0065456084
-0.001411913
-0.003968772
-0.0031314015
-0.003063253
-0.0007634576
1.364242e-12
