2.2737368e-13
0.0004492991
0.0026338217
0.0029609362
0.0010950593
-0.0019149531
-0.0015743667
0.00038067272
0.0009847964
0.00142425
0.0028358393
0.0017067962
-0.00046444172
-0.0042597563
-0.0029641888
0.00081789127
0.003002772
0.003764378
0.0039272103
0.0033986114
0.0010266128
-0.00013625804
-5.129897e-05
0.00056510564
-0.0016573226
-0.0050502275
-0.0059748823
-0.003594979
-0.00065683003
0.0018759618
0.0019494813
0.0031042579
8.1071164e-05
-0.0049722255
-0.0056724874
-0.0052618273
-0.0036756836
-0.0017765467
-0.00021192951
0.0
