0.0
0.002011982
0.0060922205
0.004890295
-0.00035579124
0.0007568943
0.0006734875
-0.0053144344
-0.0048789876
-0.0028437353
0.0029870283
0.0005516197
-0.0069895964
-0.010512517
-0.0070471806
-0.0073167454
-0.011774942
-0.0089890305
-0.0073785577
-0.0070034973
-0.010208657
-0.008514773
-0.00014050229
-0.00029900696
-0.0012789014
0.0024100777
0.009911636
0.013977831
0.016327659
0.013395299
0.0067186113
0.010110192
0.0055202097
0.0036739623
0.00544135
-0.00045789167
-0.0030346748
-0.004265292
-0.0014165434
1.8189894e-11
