-1.0913936e-11
0.0008373306
0.0015917276
0.0034342252
0.008153601
0.0113487365
0.013327079
0.014818227
0.0135323405
0.007954733
0.00746842
0.0041110246
0.0060973326
0.008780472
0.004000768
-0.0031707222
-0.000551833
0.004146755
0.0039391145
0.003062421
0.0006489493
-0.0021227968
-0.0067823716
-0.011584906
-0.004622086
-0.003967292
-0.0022433875
-0.007124286
-0.00759811
-0.008580468
-0.009618187
-0.00954762
-0.009650084
-0.006401576
-0.0047336966
-0.012743917
-0.007650637
-0.0052938224
-0.0011410845
1.1368684e-12
