-7.275958e-12
0.0005376598
0.001578668
0.003035156
0.0009708301
-0.0037295448
-0.0067631444
-0.006476544
-0.0040155686
-0.0022644962
-0.001428433
-0.00033118232
-0.00042173744
-0.0026645074
-0.004169221
-0.0039356193
-0.0008427608
0.0017246408
0.0021197677
0.0020815898
0.0010631034
-0.0014804937
-0.0028722752
-0.0012785376
0.0020592827
0.0047677327
0.005420066
0.0046799346
0.0037258076
0.0027289956
0.00355042
0.0035330383
0.0020437008
-0.00037888362
-0.0032850578
-0.0048895413
-0.004254033
-0.0017762294
-0.00062759686
7.275958e-12
