5.456968e-12
0.0005415755
0.0021294102
0.0004161948
-0.00114506
0.00019097733
-0.0018213352
-0.0020789066
0.0022641295
0.0019125475
0.0035439588
0.002106056
0.00013962614
-0.001343326
-0.0026869914
-0.0075631663
-0.006220792
-0.0017828073
0.002601236
0.00080659415
-0.0043813214
-0.006867932
-0.006102133
-0.0072653573
-0.0038240543
0.0005957203
0.0028488324
0.0013022341
0.0015605714
0.0037546216
0.008843105
0.013154877
0.013225039
0.012467574
0.0058879843
-0.0015098292
-0.0042244103
-0.0023243579
-0.00086030626
1.1368684e-12
