9.094947e-13
0.00045404263
-0.0001968631
-0.00034994713
0.00028274616
0.0013002842
0.002650523
0.0046667196
0.0050260993
0.0038465355
0.0014027612
0.00027175536
0.0013045302
0.002188528
0.0038552382
0.0060434435
0.007847963
0.006363502
0.003680435
0.0019470442
0.0015750311
0.0013828432
0.00014077095
-0.0009149666
-0.0020164726
-0.0045342846
-0.006604512
-0.007196345
-0.0051167104
-0.003814334
-0.0043324614
-0.0047537647
-0.0040094247
-0.0036734343
-0.0041263443
-0.00397397
-0.0026715212
-0.00097544503
-8.858917e-05
0.0
