3.637979e-12
0.0009166957
0.0007081065
-0.0011494701
-0.0011279249
-0.0017848648
-0.0007497047
0.00016607349
5.5336597e-05
0.0010306
-0.004173929
-0.008520789
-0.006705767
-0.00086157676
0.004372961
0.0076069827
0.009683036
0.008779606
0.0030687046
-0.00047987857
0.0037150849
0.0060081137
0.004479016
0.0015408469
0.0022739724
0.0011004786
-0.000682881
-0.0038744803
-0.004193391
0.00064273435
0.0014553632
-0.0006628738
-0.0014553005
-0.000823967
-0.0027980444
-0.0057474347
-0.005889504
-0.0022544933
9.863129e-05
0.0
