9.094947e-13
0.00018830242
0.0016562225
0.0045062425
0.0050172624
0.00399312
0.002253767
-0.00063718134
-0.0036432878
-0.0036683343
-0.0043508424
-0.0040731295
-0.0048795603
-0.0052264608
-0.004081576
-0.0027775147
0.0017892608
0.0033494483
0.0025385383
-0.001594757
-0.0055185584
-0.007348006
-0.005160818
-0.00285857
-0.0018372135
0.0012025692
0.00470843
0.0037040755
0.00046741473
-0.00025180806
0.0025332007
0.0045398287
0.0044077933
0.003119316
0.003789028
0.001971074
-0.0005455204
-0.0017715382
-0.00059536623
1.8189894e-12
