9.094947e-13
0.0018934985
0.00631582
0.011320017
0.0070737684
0.006162518
0.008311322
0.009016079
0.010712208
0.007277889
9.4636955e-05
-0.00039141276
-0.0050929887
-0.0033479277
-0.0019135443
0.0035280117
0.004344115
0.004529168
0.0015464994
0.00034031866
-0.0013556028
-0.00010734191
0.006239194
0.0053422023
-0.00036656985
-0.00294085
-0.0037343362
-0.0060572526
-0.0068172654
-0.0073606456
-0.008051686
-0.0046237325
-0.006849613
-0.007364054
-0.005181875
-0.007554221
-0.0071528675
-0.0053617945
-0.0021179551
1.8189894e-11
