0.0
0.0018184343
0.005430767
0.0037988033
0.00787455
0.013760409
0.014103172
0.0145123415
0.014978441
0.012922627
0.0066128313
0.0047990084
0.004273222
0.006020963
0.0075451885
0.00049859815
-0.0037696096
0.004268987
0.0045108898
0.006755004
0.0018351559
0.000670013
-0.0025678072
-0.01079762
-0.007774866
-0.0013925696
-0.0022052336
-0.0071749045
-0.007933713
-0.011268575
-0.0073536974
-0.012804896
-0.010541641
-0.0064521227
-0.0055999346
-0.01077321
-0.01129373
-0.0056123463
-0.0021364077
2.1827873e-11
