0.0
0.0018482817
-0.00037738527
0.0025404552
0.0038614573
0.0036418107
-0.003926659
-0.0055924663
-0.0020467816
0.00022339285
0.0033523305
0.00013607182
-0.0073916796
-0.005535263
-0.00834195
-0.008980647
-0.010486248
-0.008034334
-0.0066546192
-0.005044408
-0.00885627
-0.0044736266
-0.0020429408
-0.0065014833
-0.005723338
-0.00037633488
0.005407472
0.010701215
0.010474409
0.008821279
0.008581657
0.009563382
0.009743489
0.010824516
0.0056056594
-8.04615e-05
-0.002932323
-0.003619619
-0.0013531133
7.275958e-12
