1.364242e-12
0.0005578559
0.00077563495
0.0015130567
0.0012609459
-0.0016688419
-0.0034743224
-0.0016273994
0.0026278817
0.004844008
0.004782508
0.0044840127
0.0049738423
0.004540328
0.0047626244
0.0053925025
0.004360861
0.002473109
-0.00093602715
-0.0025425164
-0.0025013075
-0.0017344897
0.00045646087
0.003909345
0.003688598
-0.0009618618
-0.006058211
-0.0071387775
-0.00663631
-0.006154322
-0.0054381895
-0.002593745
-0.0011685964
-0.0029414154
-0.005746792
-0.0059512467
-0.0039190273
-0.00083161896
-0.0004026931
0.0
