2.910383e-11
0.0054177446
0.010789167
0.007660516
0.0027868678
0.014903562
0.024210943
0.03303367
0.037840832
0.03310904
0.03246533
0.027645137
0.008960865
0.016093168
0.0059594344
0.00843922
-0.0020855153
0.0047976123
-0.0014936458
0.002285582
-0.011938365
-0.019673737
-0.01198793
-0.014556951
-0.02150685
-0.015167278
-0.015631935
-0.0038458314
-0.010144843
-0.024374707
-0.015295718
-0.0049085594
-0.010122739
-0.013788137
-0.014944961
-0.017281415
-0.01500182
-0.013756477
-0.0042128726
6.366463e-11
