2.728484e-12
0.0011153092
0.0020460247
0.0020787057
0.00082739256
-0.0010488399
-0.0050883684
-0.007219867
-0.005977198
-0.004917387
-0.0019657246
-0.0003462332
0.0011030721
0.0003796118
-0.0025906519
-0.002071269
0.000563568
0.0027004527
0.0034987945
0.003995272
0.00479774
0.0040238993
0.0009663628
-0.0019820842
0.0015219254
0.005283194
0.006219198
0.005199168
0.0053937966
0.0038854168
0.001752608
-0.00028004547
1.5855e-05
0.000116663345
-0.0014458895
-0.005132107
-0.005600102
-0.0035211605
-0.0009863124
6.366463e-12
