1.8189894e-12
0.000889912
0.0031410689
0.004742956
0.0046617584
0.004661868
0.00507212
0.0055900346
0.0061635687
0.0053908336
0.0055379276
0.0051357416
0.0015861494
-0.0016514693
-0.0031153604
-0.0014359654
0.0015490531
0.0041238395
0.004370887
0.0022310573
-0.0015642077
-0.0042591607
-0.0050700186
-0.005356246
-0.0045262887
-0.0028228015
-0.0018914323
-0.0025365031
-0.004251901
-0.005010645
-0.0041432073
-0.0016724088
-0.00013635513
0.0005699001
0.00023713039
-0.0013081767
-0.0029896777
-0.0029907913
-0.0009723691
-2.1827873e-11
