3.6379788e-11
0.0021249754
0.00819061
-0.024662621
-0.009407176
0.0020313824
-0.0040042824
0.0045969137
-0.0018861038
0.021262314
0.027488852
0.044126604
0.02927263
0.041861385
0.05091321
0.040388357
0.057969555
0.041577496
0.03890899
0.035473604
0.026727976
0.021145975
-0.0039977813
-0.022621067
-0.018634625
-0.016547017
-0.025598744
-0.01292271
-0.041007817
-0.033113312
-0.043209367
-0.045776997
-0.04371795
-0.03970877
-0.0136961825
-0.041097913
-0.02322398
-0.00873676
-0.0064588306
5.2750693e-11
