1.8189894e-12
0.0019669195
0.0043308837
0.0076981615
0.0073912097
0.0038652273
0.00028874047
0.0009978446
0.0035952209
0.0038859085
0.003123968
0.0022223454
0.002693938
0.0018953801
-0.0009474575
-0.0017452107
0.0010663365
0.0033538868
0.00363275
0.0011946505
0.0008752546
-5.7025813e-05
-0.0022480446
-0.0061834203
-0.0053734374
-0.0019005118
-0.0019483955
-0.0031668
-0.002806896
-0.0028015932
-0.0020828003
-0.00042903575
0.0007883461
0.0010176083
-0.002142248
-0.0075847628
-0.0072239432
-0.0058742976
-0.0018733101
5.456968e-12
