3.637979e-12
4.2623255e-06
1.2781819e-05
2.5576504e-05
3.8324884e-05
5.1242998e-05
6.352853e-05
5.1231113e-05
4.552066e-05
3.8045244e-05
3.1042735e-05
2.3913524e-05
1.6818274e-05
9.713909e-06
2.6119883e-06
-4.4905873e-06
-1.1592985e-05
-1.8695438e-05
-2.5797843e-05
-3.2900378e-05
-4.0002436e-05
-4.710631e-05
-5.4203436e-05
-6.132573e-05
-6.835413e-05
-7.573284e-05
-8.180426e-05
-9.275456e-05
-8.5496584e-05
-7.6634715e-05
-6.82026e-05
-5.965533e-05
-5.1138915e-05
-4.2614236e-05
-3.4091776e-05
-2.556871e-05
-1.7045833e-05
-8.522828e-06
-2.841023e-06
0.0
