3.6379788e-11
-0.030627571
0.030933682
-0.06848373
-0.07051891
-0.082796864
0.054418694
-0.0965472
-0.09327243
-0.039663434
-0.21376279
-0.10974401
-0.117357716
-0.031201746
-0.1510048
-0.01690928
0.028806679
-0.024569824
-0.035515532
0.04845791
0.025758445
0.094169535
0.09234232
0.023082541
0.11657846
0.040921148
0.17846096
0.07160631
0.12252699
0.13202137
0.034242418
0.13538343
0.0024652025
-0.013621473
0.056025833
0.025115684
0.049037803
0.020087281
0.086576566
0.07001764
0.088588126
0.05306077
0.010166422
0.045521982
0.0075145126
0.014268197
0.03164547
-0.009826594
0.034227706
-0.020044947
-0.06222807
0.0547744
-0.009741881
-0.051732693
-0.03132693
-0.028686326
-0.076175444
0.09277734
-0.115011245
-4.5474735e-11
