7.275958e-12
0.0022485727
0.0034301274
0.004994179
0.022726286
0.02686276
0.027919466
0.030047681
0.030563211
0.01955498
0.019707065
0.011343006
0.012426905
0.012912117
0.009176731
0.004556037
0.0010326264
0.00060850254
-0.0066594267
-0.013600133
-0.019845653
-0.008678911
-0.0105166435
-0.011172308
-0.008895903
-0.010817483
-0.017360225
-0.020234209
-0.010241916
-0.0050125355
-0.0055136336
-0.016694946
-0.027774464
-0.016658524
-0.018710027
-0.011456061
-0.0042661317
-0.0050139762
-0.0014467736
-3.637979e-12
