2.7284841e-11
0.0014549788
0.003413507
0.0046363627
0.0064596506
0.006053058
0.0026767286
0.0018878882
0.0020761318
0.0037061954
0.0039390502
0.0028003445
0.0018819802
0.0016944266
-0.0006781795
-0.00030184
0.0006403042
0.0037926733
0.005381154
0.0042853463
0.0025544262
0.0008534823
-0.0015856721
-0.004769558
-0.004645883
-0.0026551767
-0.002137549
-0.0028437192
-0.004151784
-0.0034044152
0.0003191323
0.002064188
0.0024916774
0.002165767
6.573077e-05
-0.0055867676
-0.007451131
-0.005104375
-0.0017077173
1.0913936e-11
