0.0
0.00082957203
0.0012850952
0.00083405233
0.00015499105
0.0030652941
0.008955207
0.010748526
0.0122705065
0.009172994
0.0026269548
-0.005000557
-0.004366541
-0.002844621
-1.2673772e-05
0.00029364304
-0.0006125778
-0.0008977894
-0.001194335
-0.0022188914
-0.0007654949
0.003363141
0.0017782369
0.0021408775
0.0004494669
-0.001673233
-0.0023501094
-0.0067168875
-0.0077332333
-0.0038907276
-7.7064615e-06
0.0014832434
-0.001987101
-0.008345259
-0.0074033123
-0.008789595
-0.007324646
-0.0019870724
-0.0005072794
9.094947e-13
