3.637979e-12
0.0016144688
0.0018179922
0.006158202
0.0036262309
-0.001817063
-0.0029864982
-0.009262194
-0.013112527
-0.0065939
0.0012949933
-0.004621028
-0.011807848
-0.010626997
-0.01134082
-0.010959575
-0.015967948
-0.011251127
-0.0055874297
-0.0074624177
-0.016042128
-0.0074481256
-0.0028191796
0.0029048468
0.0057179863
0.004157402
0.014793564
0.017904423
0.011343742
0.016126558
0.013742866
0.009961713
0.004195727
0.005626104
0.0075514037
0.00866965
0.0006352591
-0.0025960966
-0.0005904792
1.8189894e-12
