2.2737368e-12
0.0012247118
0.0023369638
0.0019003007
0.0002618535
-0.0018522616
-0.005397455
-0.007098229
-0.00607996
-0.0050152056
-0.0023173888
9.3260984e-05
0.0010162414
-3.768422e-05
-0.002165371
-0.0022838858
0.0005918553
0.003621646
0.003602137
0.0044132555
0.004635984
0.00401065
0.0012828775
-0.0009226372
0.0017738306
0.006562997
0.0067479396
0.004895515
0.004559131
0.0029044014
0.00060296734
-0.001738084
-0.0019877213
-0.0013067418
-0.0037041018
-0.0062030563
-0.0064582657
-0.003950593
-0.0010250336
-1.4551915e-11
