9.094947e-12
0.0001295862
0.0013554485
0.001093177
-0.0024653247
-0.007950989
-0.008020661
-0.004864829
-0.00016018271
0.004845959
0.0075709308
0.008109353
0.00452847
0.00046560855
0.0010352351
0.003573454
0.003872369
0.002364753
0.0020931375
0.0017407574
0.0014944498
-0.0019920215
-0.0032279787
-0.00029085396
0.0011096371
0.0015786137
-0.0012443826
-0.0015953692
-0.0022618356
-0.004396069
-0.0075747427
-0.0063412916
-0.0022157414
-0.0017554516
-0.0030305274
-0.0019165813
-0.0023655996
-0.00081652484
-0.0008045476
0.0
