3.637979e-12
0.00072504004
0.0011657707
0.001394551
-0.0017049088
-0.0014204956
-0.0025439668
-0.0046642805
-0.0077463873
-0.0059424597
-0.0021654326
-0.0017744681
-0.003027828
-0.0019254584
-0.002331371
-0.001012852
-0.00016709988
0.0009523094
0.0007423375
-0.0023045903
-0.008657986
-0.008171906
-0.0065067085
-0.0015149608
0.0038374725
0.0067092213
0.008048135
0.004927989
0.0013011403
0.0002065532
0.0030576896
0.00404308
0.0033999463
0.002399561
0.002618676
0.0024208273
0.00030033494
-0.0019906948
-0.0008403923
-3.637979e-12
