0.0
0.0017078018
0.0056559173
0.009689095
0.012369972
0.013172891
0.007566723
0.00081072084
-0.0019639335
0.00047812494
0.0035984209
0.001846707
-0.0023677307
0.0010324208
-0.0003357837
-0.0028690267
-0.002554797
-0.00073997956
0.0016761769
0.002310117
0.0008315022
0.001927951
-0.00062243093
-0.0068801483
-0.007941134
-0.004999382
-0.00037263177
0.0017048214
-0.0015508342
-0.0026266484
-0.004131252
-0.004944876
-0.005911633
-0.0023493948
9.2637085e-05
-0.0024362248
-0.0039286506
-0.0052755815
-0.001479884
1.2732926e-11
