6.366463e-12
0.002916707
-0.0010145288
0.0060387817
0.019411791
0.026477555
0.026873285
0.016915463
0.040706865
0.044985875
0.048533473
0.0418102
0.036923498
0.02565274
0.0021689069
0.00435453
-0.0053179422
0.007330073
0.00038922043
-0.015705783
-0.009140728
-0.0057923645
-0.016077412
-0.022427801
-0.03736871
-0.02164941
-0.026892815
-0.030926004
-0.020123443
-0.010754425
-0.015127348
-0.014521945
-0.018137045
-0.016230417
-0.017645992
-0.014291817
-0.01813339
-0.0014503982
-0.0017512876
1.4551915e-11
