-3.637979e-12
0.00058458257
0.0038990977
0.0067054317
-0.0011927726
-0.0038389633
-0.0041099256
-0.006506525
-0.0082495725
-0.008285711
-0.007691893
-0.004941912
-0.009013576
-0.0075217173
-0.004392541
-0.006109103
-0.0074962396
-0.003098788
0.0034869027
0.008850406
0.011931633
0.007876196
0.008039191
0.009347304
0.009442156
0.010997453
0.0058857463
0.00032880754
-0.0029954878
-0.0039593973
-0.001274374
0.0007919037
0.0018688556
0.004019574
0.0037575667
-0.00403576
-0.0032141157
-0.0035294727
-0.0014311769
-4.092726e-12
