-1.0913936e-11
0.003137675
-0.0014425297
-0.011981409
-0.008873126
-0.01430945
-0.011146771
-0.010993439
-0.00795356
-0.0046807136
-0.0055949846
-0.0064674877
-0.00420703
0.0023522663
0.006273288
0.017381847
0.019647252
0.017893858
0.017270893
0.019509228
0.011220979
0.011696989
0.008021505
0.0023425312
0.0024921645
0.00087241386
-0.00020882301
0.0012799053
-0.007794637
-0.00780678
-0.008572273
-0.002801567
-0.0009165968
0.0020591866
-0.0078539895
-0.010622809
-0.010798426
-0.00911044
-0.0039255405
2.7284841e-11
