1.4551915e-11
0.0007928034
0.00222053
-0.0013599347
-0.003619578
-0.0043640877
-0.005645924
-0.006236443
-0.00339439
6.8676716e-05
0.0005443591
-0.0007043382
-0.00095736724
0.00080008316
0.009773104
0.010485136
0.012759098
0.012185835
0.0060787066
-0.0013848096
-0.00338984
-0.0008029042
0.0021150871
-0.00024639873
-0.0028957278
-0.0023016648
-0.0021479013
-0.0038757361
-0.0047457563
-0.0024169888
0.0013492147
0.00071127573
-0.0012268575
-0.00040121365
-0.00060604454
-0.0062361555
-0.009879241
-0.0038547842
-0.0011251606
-1.4551915e-11
