5.0931703e-11
0.0037985304
0.0055089947
0.00048323278
0.00966938
0.012799144
0.02133302
0.03455879
0.02801625
0.03777048
0.027302753
0.023725517
0.017040191
0.014676466
0.008415
0.0098300055
0.0065611475
-0.00034785183
-0.0005757619
-0.006450377
-0.0163766
-0.014378801
-0.018325489
-0.024598548
-0.01784245
-0.0098536275
-0.014523683
-0.010170947
-0.01825796
-0.012208663
-0.012792923
-0.0072515286
-0.00073243375
-0.004885637
-0.019111048
-0.017237032
-0.011734534
-0.009924395
-0.004133389
3.8198777e-11
