1.8189894e-11
0.0022776292
0.004655672
0.011924012
0.011551943
0.008629343
0.008512637
0.0077478364
0.008472231
0.009204368
0.0049571726
-0.0010756308
-0.0041922536
-0.004563422
-0.00081392896
0.0015007041
0.00093730784
0.00408913
0.004124821
-0.002271165
-0.0058957487
-0.002710281
-0.0002709643
0.0030356476
0.0013904079
-0.007292445
-0.00555468
-0.00820856
-0.00881259
-0.010466706
-0.008288413
-0.0067095915
-0.0049366904
-0.008877436
-0.004456905
-0.0020721992
-0.0066085635
-0.0056612967
-0.0014315584
0.0
