0.0
0.0010829924
0.0033164266
0.0055863108
0.0060687764
0.0052517788
0.004076538
0.0034829795
0.0044026617
0.0037800164
0.0016613379
-0.0007959988
-0.0036401614
-0.0041292314
-0.0032984782
-0.0007973922
0.00072167825
0.0024635424
0.002555518
-0.001023238
-0.0056171715
-0.0070024794
-0.0055611925
-0.002915016
-0.0018821149
-0.00096103747
-0.00018136826
-0.0010600707
-0.0035941638
-0.0041689305
-0.0032940544
0.0006113176
0.0018014618
0.002152695
0.001888736
0.000118664175
-0.0023300461
-0.002502424
-0.0010578588
2.2737368e-12
