3.637979e-12
0.00086525024
0.0007495136
0.0009048933
-0.0003654004
3.2081152e-05
-0.002867138
-9.917101e-05
0.0022624005
0.0028163202
0.0019473159
-0.00043360709
-0.0008710709
-0.0031792775
-0.0075226896
-0.009735627
-0.005719872
-0.002127979
-0.0010841276
-0.0015498188
-0.006932534
-0.009821366
-0.008404054
-0.0072504403
-0.0017596644
0.0018926894
0.0017786976
0.002618891
0.0031891728
0.007216892
0.012471581
0.01258511
0.012129251
0.007877308
-0.002380853
-0.0046591526
-0.0034559974
-0.0005372199
-0.00027179104
-7.275958e-12
