-7.275958e-12
0.0012413415
0.0022108653
0.0041349903
0.0074056257
0.0067975423
0.0032388773
0.0030875353
0.0038417212
0.0057178545
0.0053981845
0.002649422
0.0020052625
0.00088297285
-0.0010830436
-0.0011932285
-0.00012413942
0.0036095225
0.0049178447
0.0027592056
0.0011906677
0.0010830422
-0.002921961
-0.00474066
-0.0031401063
-0.0011282557
-0.0011336445
-0.003311214
-0.0029368652
-9.5241194e-05
0.0010614914
0.0027472093
0.0029247422
0.0020329566
-0.0036941853
-0.007563371
-0.008167649
-0.0032832113
-0.00060625933
3.637979e-12
