9.094947e-13
0.0032416233
0.008912094
0.0004810756
0.0072966944
0.0144311655
0.020085208
0.031519365
0.028413933
0.030502876
0.027462056
0.014648068
0.014350584
0.009154181
0.005153604
0.0047939154
0.0040674848
-0.0024740142
-0.002509943
-0.0056396513
-0.017116105
-0.013556289
-0.013981212
-0.022622162
-0.015287936
-0.009993497
-0.0050304057
-0.0116281295
-0.0106725935
-0.011989206
-0.005054749
-0.0074180346
0.0024575
-0.004572212
-0.01589908
-0.017960738
-0.010987609
-0.0071055396
-0.0049530948
1.2732926e-11
