-8.185452e-12
0.003111838
0.012987122
0.01998325
0.01762728
0.028630277
0.027555384
0.022669688
0.015315722
0.012181556
0.017545555
0.013251292
0.0020516207
0.007223322
0.00853397
0.0030186253
-0.002857656
-0.0075283684
-0.008129715
-0.0054129083
-0.009103128
-0.0024136675
-0.0014090819
-0.00561053
-0.019911611
-0.01365976
-0.008811887
-0.0005511622
-0.005705537
-0.016247228
-0.018934436
-0.01636257
-0.021031708
-0.012022389
-0.011822685
-0.006759485
-0.0045882342
-0.0065648193
-0.003831037
2.5465852e-11
