7.6397555e-11
0.0131127145
-0.08421148
0.059220377
0.03968428
-0.08044836
0.029488523
0.03177295
0.04530848
0.059607834
-0.017163726
0.018753042
-0.06308343
-0.089101255
-0.057226572
-0.033187196
-0.083690755
-0.08232495
-0.0011295751
-0.19334893
-0.10357982
-0.1527786
-0.035229094
-0.10491848
-0.036619205
0.006392864
0.0064103827
-0.08031753
0.026024757
0.08634895
0.052253
0.10315213
0.05254008
0.109074585
0.11285809
0.07438825
0.1227766
0.08179253
0.22117746
0.016773365
0.1348211
-0.009502898
0.030862879
-0.005103263
0.04298296
0.0066997167
0.05884147
0.055951707
0.05717047
0.10505678
0.10281842
-0.041048948
0.021093851
0.0336031
0.003565399
0.00076370407
-0.03201757
0.014702067
-0.03349835
-3.2014214e-10
