-1.4551915e-11
0.00083609973
0.002212089
-0.0011847862
-0.00017828605
-0.0014207873
-0.0017539379
6.2349674e-05
0.00075644377
-0.00012379553
-0.002194316
-0.006064098
-0.006607242
-0.0013853211
0.0039012989
0.008774644
0.009648126
0.0072983773
0.004631124
-0.0008739646
9.979762e-05
0.0042654867
0.0052565234
0.0020937067
0.0003976993
0.0008958906
0.00059637474
-0.0020615037
-0.0044485186
-0.0017024807
0.0019473076
0.0012589317
-6.875525e-05
-0.0006944237
-0.0017553994
-0.003921941
-0.00588387
-0.003853613
-0.0009984819
0.0
