1.8189894e-12
0.0013348445
0.0036669583
-0.00135114
0.0020871079
0.0033982245
-0.0023394572
-0.007901981
-0.0020525167
0.0020896508
0.0036422692
-0.0022039434
-0.007435443
-0.004008374
-0.008075537
-0.008816361
-0.008102806
-0.008794226
-0.004869383
-0.006144008
-0.008666328
-0.00428347
0.00082276715
-0.0036669816
-0.004142583
0.0034324809
0.009976243
0.0142368525
0.011441701
0.010293182
0.0091529
0.007721247
0.0053472742
0.008040352
0.0025964691
-0.00405668
-0.0054990603
-0.0042345
-0.0016556378
4.5474735e-13
