9.094947e-13
0.0005870933
0.0031699946
0.006364618
0.005072507
0.0036847782
0.002451039
0.0007405075
-0.0012247339
-0.0027679051
-0.0024794317
-0.003052199
-0.004910978
-0.007194606
-0.0053532966
-0.0022054273
0.0015624505
0.0027588564
0.00086285896
-0.0007398492
-0.003311777
-0.0061139935
-0.0050387955
-0.0041362466
-0.0019873602
0.0008482587
0.0029000873
0.0024403385
0.00012294776
-0.0013805256
3.36683e-05
0.002386739
0.0039603016
0.0037793638
0.0037338845
0.0041340273
0.0022450315
-0.00085606147
-0.00057698117
9.094947e-13
