6.6211214e-10
0.043943595
0.010684526
0.0674598
-0.016200788
-0.03446845
0.086458646
0.03856904
-0.081816554
0.03095597
0.014087063
-0.05309721
-0.02631675
-0.050885968
-0.050435692
0.03426984
-0.05688631
0.025121849
-0.05030303
-0.099317685
0.006773172
-0.10751135
-0.026496576
-0.0052514966
0.04741224
-0.118523285
0.14369482
-0.1208935
0.07959072
0.11728254
0.094389796
0.1505067
0.07835462
0.08561277
0.10047259
0.09220225
0.04415705
0.09520191
-0.018535847
0.13737719
-0.01739838
-0.052557018
-0.095118135
-0.08778776
-0.013131198
-0.13488254
0.07395464
-0.09243356
0.087941974
0.089834
-0.017827606
0.07877412
0.0072119734
-0.032545704
-0.028171817
0.022019604
-0.08876457
0.052669637
-0.085641995
7.6397555e-11
