-1.4551915e-11
0.0010017273
0.002138686
0.0025115972
0.0058236243
0.012501416
0.014593506
0.0126831
0.011395286
0.0071439994
0.0055727274
0.0028588157
0.006675354
0.006144327
-0.0012386697
-0.0027272534
0.0023607935
0.0012677483
0.0047998447
0.0050078165
-0.0010261957
-0.0012186115
-0.005947104
-0.007534554
-0.0030788556
-0.0030489014
-0.0013750949
-0.0028456766
-0.008589512
-0.008415415
-0.007890654
-0.009102257
-0.008198123
-0.0053405967
-0.009433868
-0.0070162555
-0.007793622
-0.004458769
-0.0018497491
5.456968e-12
