4.5474735e-13
0.0012436272
0.0052559525
0.0047619883
0.0013428424
-0.00018451613
-0.00228346
-0.004298577
-0.005192758
-0.0026009367
-6.695883e-05
-0.0016416013
-0.007935222
-0.010160247
-0.009834425
-0.008288123
-0.011310351
-0.007862972
-0.008690429
-0.0087929685
-0.006395228
-0.009442301
0.0012335292
0.0023552258
-0.0005807543
0.0040462436
0.009927098
0.013834424
0.013146929
0.01170646
0.007416797
0.004519497
0.0035624388
0.0043020346
0.0038804235
-0.0014773116
-0.0028248641
-0.0030995822
-0.0013824189
0.0
