9.094947e-12
0.00054693833
0.0017040251
0.0017997582
-0.00070607103
-0.0027876953
-0.001207744
-0.00035309856
0.0016597776
0.0028665427
0.004321113
0.003663775
0.0015462574
-0.0013024694
-0.00045774464
0.0031590029
0.005445515
0.006614278
0.006860312
0.0062475745
0.0039673652
0.0020507737
0.0019286831
0.0022884982
0.00022963778
-0.0040322626
-0.005509155
-0.0049241376
-0.002376234
-1.063064e-05
0.00093148026
0.0025899145
0.0012100071
-0.0030184141
-0.0056490707
-0.0052730995
-0.004441398
-0.001730917
-0.00070965954
2.2737368e-13
