0.0
0.0007661843
0.0026687325
0.0035369035
0.00012678653
-0.004839874
-0.0080713425
-0.008124072
-0.0046182885
-0.0027574885
-0.0013926295
0.0022920198
0.005044083
0.0024157465
0.0004368917
0.00030329835
0.0037845965
0.0058572683
0.004382228
0.0039404817
0.0037433826
0.0026924477
1.0694785e-06
-0.00069057813
0.0018537459
0.0041592047
0.0046391734
0.00302651
0.002236824
-0.00082324655
-0.0042622765
-0.0045321113
-0.0041806055
-0.004410853
-0.004806701
-0.0052107447
-0.004719228
-0.0023456775
-0.0008698638
0.0
