-3.092282e-11
0.006528319
0.004515415
0.020315902
0.02153755
0.029347012
0.025305256
0.036446624
0.03532369
0.055395707
0.03679766
0.039576888
0.051109724
0.031074166
0.03192043
0.018543268
-0.010610597
-0.013148514
-0.0076870695
0.0033707204
-0.029997302
-0.010164123
-0.026369214
-0.032880764
-0.039990656
-0.05175533
-0.029616166
-0.03221283
-0.044016927
-0.031502135
-0.018995676
-0.0024890807
0.0032699867
-0.027520126
-0.012771315
0.002703305
-0.013466021
-0.0058822585
-0.0034556598
-5.0931703e-11
