6.366463e-12
0.00084435474
0.002466402
0.002309988
0.0014615689
-2.9265997e-05
-0.004735417
-0.006022702
-0.005296219
-0.0036286183
-0.0012665612
0.00020091253
0.001399217
-0.000485574
-0.0032348072
-0.0025664791
0.00032403244
0.0019891213
0.0030888189
0.0036199607
0.0046009333
0.0031364865
-0.00060365506
-0.001809899
0.002419846
0.0050473264
0.0047395416
0.0040635914
0.0038429487
0.0015900672
-0.0012350299
-0.0021960868
-0.0019783252
-0.0019750763
-0.0053580916
-0.0071679377
-0.0068749483
-0.0029975786
-0.00081295235
1.4551915e-11
