4.0017767e-10
-0.09255326
0.0024909675
-0.24300468
0.05084232
0.032567862
-0.08176678
0.035530776
0.07542395
0.057692006
0.15580225
0.11112311
0.049469955
0.09517598
0.012215024
0.0342616
-0.055087134
0.020090109
0.05869833
-0.04106183
-0.021390095
0.011089639
0.010383632
0.064226344
0.01843331
-0.0445438
0.044644233
0.056821354
-0.046291683
-0.014737463
-0.031051168
-0.0015599807
-0.026823223
-0.08000193
-0.09648075
0.026058743
-0.108207285
0.013432408
-0.063920364
-0.11264022
0.040195733
-0.110166416
0.027834393
-0.031827793
0.025443673
-0.006425863
0.06744379
-0.016991103
0.087459266
0.037863314
0.037444387
0.12204605
0.11890017
0.09334153
0.09237451
0.04663501
-0.019079834
0.15018797
-0.014846589
-3.092282e-11
