1.0913936e-11
0.0007138348
0.0035581165
0.0054020165
0.0035869824
0.002581004
1.6897015e-05
-0.0016208859
-0.0027549383
-0.0036992952
-0.0032882523
-0.0030266808
-0.004484335
-0.0055225906
-0.0036608025
-0.00020348217
0.0032711306
0.0029814737
0.0008964877
-0.002828042
-0.0060020173
-0.007519359
-0.0063597746
-0.0050720777
-0.0035059422
0.00026927202
0.0017409491
0.00013074244
-0.0018442612
-0.0024289316
0.00010254065
0.0021768291
0.0031827483
0.0029236882
0.0028388565
0.0019271923
0.0005683295
-0.0016238911
-0.0013928013
7.275958e-12
