1.4551915e-11
0.0025831945
0.0015920628
-0.00025446882
0.00421969
0.010400422
0.013817551
0.013121314
0.011706386
0.0070097684
0.004543197
0.0034777853
0.00452515
0.0036362247
-0.0018902221
-0.0026481817
-0.0031626606
5.052716e-05
0.0055589136
0.004494741
0.0024110102
0.0002308177
0.0005313634
-0.0029412757
-0.0029640112
0.0005241789
0.002913828
0.00044234062
-0.0051771193
-0.008701529
-0.0055579636
-0.00739564
-0.00913889
-0.0067604473
-0.009074217
-0.0074725393
-0.008709835
-0.009368272
-0.0013711719
-1.4551915e-11
