1.0913936e-11
0.0025003133
-0.0020164228
-0.00066672685
0.0064224647
0.013633782
0.033551473
0.035206217
0.027085435
0.038544096
0.054617338
0.038516454
0.055408813
0.043948557
0.039289724
0.040987812
0.025633642
0.026673261
-0.004624065
-0.022166098
-0.006269431
-0.015521644
-0.017449059
-0.02120799
-0.03317231
-0.04787989
-0.047157675
-0.04479537
-0.055047862
-0.028541144
-0.029260594
-0.03448326
-0.024923451
-0.014327738
0.008969119
-0.0025749134
-0.0145194605
-0.01495746
-0.0029425947
-3.8198777e-11
