3.637979e-12
0.0013069065
0.0033390063
0.0040548486
0.0026283064
-0.00036277348
-0.0027670176
-0.005173775
-0.0039354833
-0.0027558575
-0.0014992092
0.002180889
0.0034678697
0.001957456
-0.0002513097
-0.0014536075
0.00045752292
0.0029824362
0.0042022457
0.0038494999
0.0037408497
0.003074281
0.0015521471
-0.00172312
-0.0009242036
0.002948675
0.005490395
0.0041929083
0.0029323606
0.0015732419
2.7777278e-05
-0.0016896126
-0.0029185105
-0.0020912155
-0.0021286313
-0.00407136
-0.005348961
-0.0039891647
-0.001318282
-7.275958e-12
