3.637979e-12
0.00081794406
0.002745556
0.0060026147
0.0063018263
0.005018941
0.004207276
0.0034215283
0.00302425
0.0029256593
0.0016526585
-0.0005357334
-0.0037901124
-0.005998373
-0.0057164663
-0.0037638084
-0.0023666478
0.0006518215
0.0024814557
0.00036900316
-0.0050371443
-0.007229956
-0.00602049
-0.0040669185
-0.0031714502
-0.0016198569
0.00074570207
0.00020313854
-0.0024526878
-0.004260796
-0.0036092126
-0.00039608902
0.0012876044
0.0012444328
0.0019748441
0.0014182032
-0.001551428
-0.0025082864
-0.00087537844
-7.275958e-12
