1.364242e-12
0.00050110836
0.0015824719
0.0027358185
0.0031553402
0.0033195778
0.0048077605
0.007450627
0.008857128
0.0066441726
0.0034092846
0.0013201849
0.00086728507
0.0015097855
0.0029897406
0.0048212763
0.006513689
0.004705109
0.0010067278
-0.0011383735
-0.0022376236
-0.0024435876
-0.0026685076
-0.0024463471
-0.0021521277
-0.0029518835
-0.0052656922
-0.006240636
-0.004948748
-0.0026136555
-0.0009693528
-0.00032906863
-0.00086675596
-0.0027448237
-0.0038586357
-0.0037933039
-0.0019698723
-0.0004385094
-0.0001506635
1.8189894e-12
