1.8189894e-12
0.0010840128
0.0026820316
0.004416745
0.004007316
0.0039674626
0.0034775417
0.003714323
0.0042557134
0.0035107085
0.003303578
0.0015286142
-0.0009934454
-0.0042942446
-0.004723629
-0.00271769
0.0011433099
0.0041023865
0.0035647347
0.0009482892
-0.0026670499
-0.004281737
-0.004543063
-0.0043640113
-0.0030489608
-0.0008038439
-0.00025088422
-0.0011162965
-0.003383853
-0.0044817603
-0.002669794
-0.0011354308
-0.00039476738
0.0006258093
-0.00022651063
-0.001976098
-0.0043251175
-0.0028792082
-0.0010034213
2.2737368e-13
