4.5474735e-12
0.0005691799
0.002420194
0.0019089382
0.001708866
0.00032445867
-0.0025965828
-0.002113938
0.00013262371
0.0037086308
0.0058331513
0.0063947337
0.005609729
0.0041187503
0.0034575425
0.0040989853
0.0042689717
0.0021446352
-0.0008308905
-0.0025538038
-0.0043537365
-0.0026355723
-0.00085653993
0.0011391689
0.0022557836
0.0022219894
-0.0014094404
-0.005958119
-0.007744351
-0.006931374
-0.0042480407
-0.0030397705
-0.0015463319
-0.0012684925
-0.00160206
-0.003639292
-0.004535281
-0.00285595
-0.0013250163
1.4551915e-11
