1.364242e-12
0.0018532482
0.003186813
0.0003588998
-0.0027349405
-0.0034165604
-0.0047103832
-0.003665681
-0.008273834
-0.007826398
-0.002101809
-0.00021988084
-0.0045378623
-0.0029376852
-0.0039579165
-0.006899537
-0.0064457245
-0.0043432484
0.004310444
0.007442366
0.004294049
0.002158207
0.006763364
0.009649191
0.011303566
0.0066619776
0.0069885664
0.0048845615
-0.0021539931
-0.0051195347
-6.0074904e-05
0.002890434
0.0033595967
0.0037494444
0.0043120827
0.00026245453
-0.00019541732
-0.003776154
-0.0014010225
7.275958e-12
