1.364242e-12
0.005121178
0.0029701705
0.0023357144
0.003677241
0.012352158
0.02359233
0.03152609
0.031805344
0.030436533
0.033824805
0.013904986
0.015996462
0.012001391
0.009264942
0.0055812346
0.0042094667
0.0018098176
0.0010422013
-0.00468832
-0.013295749
-0.015585499
-0.0110191
-0.015394654
-0.01678246
-0.015244773
-0.0032144017
-0.004671538
-0.018614262
-0.0153305335
-0.0076142717
-0.0065804953
-0.011670757
-0.007180942
-0.017268904
-0.023502482
-0.015890935
-0.014552501
-0.0018313124
5.456968e-12
