-1.0913936e-11
0.0010760707
0.0027838
0.0031971573
0.003598472
0.0037723393
0.0047131856
0.0052349777
0.004787687
0.005107268
0.0050856415
0.002880013
-0.00091120263
-0.0032271964
-0.0025898404
-3.5425765e-05
0.002474167
0.0040180217
0.0026347176
-0.00034444802
-0.00371488
-0.0055263033
-0.0060461015
-0.0055534486
-0.0042631184
-0.0023888105
-0.0028906586
-0.0033764262
-0.0048502972
-0.004981786
-0.002724949
-0.00069317117
0.00061021274
0.00050716894
-0.00042128557
-0.0026719552
-0.0036370594
-0.0029993055
-0.0008951005
1.364242e-12
