-3.637979e-12
0.00038688094
0.0026274468
0.0016894253
0.0011002528
0.0015571035
-0.002239652
-0.008105263
-0.0071850745
-0.0041612666
0.00086744933
0.00073105656
-0.0015977033
-0.0030627567
-0.0041694115
-0.0052488064
-0.005455203
-0.0018561315
-0.00030213495
-0.0025137137
-0.004623367
-0.004627554
0.00065416575
0.005049367
0.008617159
0.01117358
0.009127487
0.0026726997
-0.002386012
-0.0025239545
0.0015085763
0.0035131283
-0.0015391116
-0.0007634186
0.00011593042
-0.0017144764
-0.003930022
-0.0021778014
-0.00059395743
9.094947e-13
