0.0
0.0012084
0.0035423469
0.0038093429
0.00021460326
-0.004693026
-0.005789826
-0.006034549
-0.005228225
-0.00499456
-0.0020970155
0.00012850725
-0.0010944025
-0.0030622892
-0.0047844355
-0.0035379513
-0.0006424653
0.00066515885
0.0014899732
0.0024789444
0.0019446377
-0.0008058711
-0.0018163199
0.00059350557
0.0046066325
0.0062216204
0.006245761
0.0055995365
0.0053754877
0.0047847563
0.004515434
0.0051976335
0.0043997113
0.00282289
-8.848088e-06
-0.0023043486
-0.0029264498
-0.0026629732
-0.0007702982
-3.637979e-12
