-1.2732926e-11
0.0015081032
0.0031472798
0.004526243
0.0034097855
0.0021341038
0.003902155
-0.001198
-0.006217261
-0.0035445257
0.001058762
0.0035232673
0.0011344529
-0.0019703999
-0.0035828566
-0.0043838904
-0.0066161733
-0.0043664733
-0.0010915616
-0.0007689118
-0.0014062296
-0.0040792874
-0.0008762544
0.006136435
0.009406943
0.011385044
0.012954075
0.0078098564
0.00042327069
-0.0026556074
-0.0006049991
0.0028939443
0.0018563838
-0.001721534
-0.0007922497
0.00035987404
-0.0011590396
-0.0032394982
-0.001061681
6.366463e-12
