1.4551915e-11
0.0019490247
0.004448359
0.0042453757
0.0039150203
0.0012452645
-0.0005077847
-0.0018133271
0.00021149951
0.0057674395
0.004819801
-0.00064641115
-0.0023845069
-0.0031091617
-0.005528552
-0.0048288964
-0.006694793
-0.005750555
-0.00239417
-0.0046353526
-0.003900777
-0.003511372
-0.004522909
-0.005662341
-0.0037252996
1.572119e-05
0.007932711
0.008439469
0.004622718
0.006297612
0.0071911486
0.010772955
0.010115874
0.005611473
0.0010872703
-0.00068928243
-0.003743864
-0.0051030368
-0.0016749845
1.0913936e-11
