-7.275958e-12
0.0010709647
0.003835986
0.0009578432
-0.0020133578
-0.00027484022
-0.00068944256
-0.0029513468
-0.0035719303
-0.00093043945
0.0006266688
0.003149554
0.0025778534
0.0031575272
0.0024641894
-0.0023138353
-0.004839576
-0.004259353
0.0011835301
0.00342046
0.0029925837
-0.0002416168
-0.0014188513
-0.002627858
-0.0053310934
-0.0036608714
8.756743e-05
-0.0013023606
-0.0026132176
-0.005195024
-0.003195587
0.0020636977
0.007214008
0.010110194
0.012342008
0.008847438
0.0024204461
-0.0017152934
-0.001170164
0.0
