1.6370905e-11
0.0022139337
0.00864206
0.0059569976
0.0038165809
0.004460645
0.0087703755
0.010894623
0.009859419
0.0045514638
0.0054646963
0.0006343748
-0.006135384
-0.0047459826
0.0010457196
0.0015537407
0.002528753
0.0027943922
0.0015277235
-0.00082315697
-0.0026193117
-0.00087192236
0.0029191533
0.0039447094
-0.0010798774
-0.0024062
-0.0040085176
-0.004130065
-0.005151551
-0.009240663
-0.0061876113
-0.0013857997
-0.0022885087
-0.0051759407
-0.003191822
-0.005148664
-0.007475556
-0.0043412177
-0.002573436
5.9117156e-12
