9.094947e-13
0.00011393224
0.0013777269
0.0015040026
-7.529184e-05
-0.0027567556
-0.0016936231
0.002112172
0.0046378816
0.0056762663
0.004613906
0.004548858
0.004179746
0.0037499815
0.0049226135
0.004304989
0.002918152
0.0003592419
-0.0019433536
-0.0033824067
-0.0031287032
-0.0008074749
0.0032902774
0.004850808
0.002038932
-0.0024787511
-0.005724012
-0.005756426
-0.005674113
-0.005427408
-0.0032954847
-0.001328506
-0.0018530634
-0.0043694535
-0.0061925873
-0.0047528613
-0.0019606762
-0.0007793192
-0.0002550256
9.094947e-13
