1.2732926e-11
0.0030931574
0.0011645083
-0.00749649
-0.0206279
-0.005548544
-0.0078502195
-0.022505565
-0.026210632
-0.029504657
-0.024737556
-0.027884144
-0.01952262
-0.018739821
-0.008470905
-0.006390767
-0.021410594
-0.0090571605
-0.021350205
-0.014907818
-0.017970013
-0.015721256
-0.00077567354
-0.0066626403
-0.0029794443
0.001598231
0.01892788
0.019949494
0.026487075
0.018317685
0.032111228
0.046368197
0.042571805
0.040578246
0.041673582
0.024272546
0.008370272
-0.005684282
-0.0016082918
-1.0913936e-11
