-7.275958e-12
0.001668879
0.004008009
0.0066203615
0.008253653
0.00539368
-0.00016112652
-0.0013118149
0.002558405
0.004584276
0.0022108166
0.0014335087
0.0018416051
0.0010767074
0.00010107085
-0.0034374027
-0.0020297328
0.0020321265
0.002955155
0.0005093411
-4.0028273e-05
-0.000907471
-0.0028206278
-0.005903621
-0.007430347
-0.0035775425
-0.0004542175
-0.0016686083
-0.0016331128
-0.002038319
-0.0008900828
0.00021005949
0.0010084822
0.0022018496
0.0017359953
-0.0031657165
-0.007312067
-0.004925906
-0.0017203155
2.1827873e-11
