0.0
0.0007880641
0.00069501786
-0.010782013
-0.012617999
-0.012386267
-0.009896158
0.0014056456
0.0006840611
-0.01222662
-0.008741029
-0.014173554
-0.011310611
-0.011000717
-0.008038879
-0.004668586
-0.005587979
-0.0065256455
-0.0039342013
0.0023888848
0.006698799
0.017889906
0.019540228
0.017690763
0.017671363
0.018822268
0.010929413
0.011586881
0.007379819
0.0017038721
0.0026033435
0.0006111817
-0.00018703619
0.0004959771
-0.008978629
-0.0076650074
-0.008232216
-0.0019541946
-0.0015564036
1.6370905e-11
