0.0
0.0012002892
0.0041683624
0.0038908455
0.0014996397
-0.0007919918
0.001167595
0.0043963734
0.0045627337
0.0038318918
0.0033640934
0.0033267054
0.00047905135
-0.0006312811
-0.00010065414
0.0029589552
0.0052344035
0.004923299
0.0037159105
0.0021033362
-0.001534615
-0.0029536518
-0.0026761587
-0.0031874147
-0.0030620277
-0.003915216
-0.0041713323
-0.0029304153
-0.001366552
0.002535166
0.00326438
0.0014749446
-0.0033666429
-0.007135834
-0.008423766
-0.006092052
-0.003919898
-0.003335272
-0.0011117028
2.2737368e-12
