0.0
0.00030969473
0.0011771788
0.0026380997
0.0038393352
0.0046910783
0.004384613
0.0033112064
0.0017648978
0.00035077182
-0.0010993876
-0.0018769291
-0.0021911657
-0.0021089828
-0.0017993348
-0.0016861956
-0.002526335
-0.0022865478
-0.003272831
-0.004031286
-0.0051183347
-0.006096232
-0.0065586027
-0.0059384033
-0.004364016
-0.0029851107
-0.0018799062
-0.0013179426
-0.0017710037
-0.0022206367
-0.002483033
-0.0026094944
-0.0027419326
-0.0026078147
-0.002596147
-0.0020395606
-0.001701718
-0.0010387735
-0.00051455904
0.0
