5.456968e-12
0.00093040144
0.0021826504
0.004143766
0.0048339074
0.0014420386
-0.0040731803
-0.008121617
-0.005891125
-0.0020618478
-0.0008436119
0.00100288
0.004014904
0.004845105
0.001347964
-0.00016047203
0.0012656674
0.0043237335
0.004651339
0.0029969667
0.0025854832
0.0023954532
0.0007830183
-0.00096258544
0.001294238
0.0042883405
0.0055526337
0.0031734048
0.002550004
0.0015917369
-0.0036224711
-0.004389449
-0.0025089062
-0.002625634
-0.0035118936
-0.005138997
-0.0037337532
-0.0019438436
-0.0005835725
2.728484e-12
