1.4551915e-11
0.0016658318
0.00717193
0.004239061
0.0023013714
0.0014139095
0.0035762307
-0.003157606
-0.005990608
-0.001993732
0.0021876825
0.004126909
-0.0052183145
-0.011309779
-0.00486733
-0.008309482
-0.012057664
-0.009591093
-0.008133296
-0.006864039
-0.009153256
-0.009151374
-0.0023624806
-9.665475e-05
-0.0012855922
0.00067080907
0.0050417967
0.014773511
0.01590796
0.013052933
0.0091082305
0.010386373
0.007646623
0.0046204897
0.006947655
0.0036652263
-0.0022078492
-0.0040238653
-0.0019039138
1.0004442e-11
