2.728484e-12
0.0017804191
0.004976283
0.005962491
0.007003039
0.0060367957
0.0021787935
0.0019104922
0.0024687957
0.002659861
0.0028083618
0.0019710474
0.0010704582
0.00076374144
-0.001371759
-0.00230928
-0.00036741662
0.0018907306
0.0022388522
0.0012960949
0.000520318
-4.1436404e-05
-0.0029296041
-0.004937132
-0.004234123
-0.0008042619
-0.0017712746
-0.0007366054
-0.0016065849
-0.0017463051
0.00071615825
0.0024465995
0.0020208766
0.0011886327
-0.0029875112
-0.006184564
-0.008526362
-0.005205958
-0.00161097
0.0
