1.6370905e-11
0.0011351729
0.0013936567
0.0003885522
-0.0006219739
-0.001643753
-0.0020274413
-0.0046967487
-0.0077764736
-0.004594856
-0.0015143313
-0.0008441761
-0.0026795429
-0.0023296077
-0.0023965274
-0.0015316324
-0.0007440712
0.00031002983
0.00023356627
-0.003331394
-0.009213025
-0.009073994
-0.0059402282
-0.0006593124
0.0028226972
0.0069644605
0.007038485
0.0042770403
-0.00055315375
-0.0005672763
0.0036107264
0.0042041186
0.0028478466
0.002905537
0.0023985123
0.002419868
0.0006139748
-0.0025823992
-0.0010875276
4.5474735e-12
