0.0
-1.0955264e-05
0.002639865
0.0016820718
0.0020184726
0.0023292466
-0.003165364
0.00044451957
0.0053640055
0.0026355905
-0.00013838863
-0.0011905085
-0.0018614846
-0.004416857
-0.009449469
-0.0066531366
-0.0009453947
-0.002228057
-0.00395524
-0.0052516125
-0.00916798
-0.010651664
-0.0050611063
0.002600733
0.0035382332
0.0014167135
0.005468022
0.0061008553
0.009732663
0.011645959
0.010021441
0.0060375193
-0.0027380905
-0.008883153
-0.0045760004
-0.0029425258
-0.00048228563
-0.0021444738
-0.0006010865
3.637979e-12
