1.6370905e-11
0.00023063365
0.0044457344
0.011176889
0.010760244
0.01354561
0.009838847
0.0025443519
-0.0032469633
-0.002436499
0.0008372684
0.0015244413
-0.0018131016
-0.0030424313
-0.0016863928
-0.0030511902
-0.0046042753
-0.004077741
0.00020674849
0.0013699873
-0.00032270257
-0.001266938
0.00027648214
-0.0037903746
-0.009448581
-0.0066528115
-0.00075573864
0.0020760202
-0.0006394876
-0.003469589
-0.004492622
-0.006215186
-0.0075447075
-0.0053945878
-0.002158931
-0.0015353258
-0.0027686865
-0.002969415
-0.0023339647
1.8189894e-11
