4.5474735e-13
0.0008267681
0.0038180295
0.004762775
0.004657771
0.004541548
0.0048822383
0.004504785
0.0050579295
0.0053119096
0.0042580706
0.0023278869
-0.0010137559
-0.0025186948
-0.0025106512
-0.0017209327
0.00028348633
0.0034512267
0.004274932
-4.8241112e-05
-0.005003572
-0.007145375
-0.0066726366
-0.006217154
-0.0060271583
-0.0036268854
-0.0013969634
-0.0018444767
-0.004652015
-0.0061370684
-0.005228805
-0.0022721323
-0.0005703607
0.00028801538
0.001438282
0.0012361227
-0.0012024117
-0.002268223
-0.0010594936
9.094947e-13
