0.0
0.00091641396
0.0039470913
0.004427038
0.0017102243
-9.602572e-05
0.00094317703
0.004932018
0.005495508
0.004233949
0.004017678
0.0033555322
0.00240803
-0.0005433345
-0.0002256037
0.0021402123
0.0045003835
0.004258277
0.0030026594
0.0020631063
-0.0011829867
-0.0043759625
-0.0045493767
-0.004217669
-0.004427378
-0.004808413
-0.0052110697
-0.0047312686
-0.0023984762
-0.00028366476
0.002803485
0.003678048
0.00068721874
-0.0034959235
-0.006542368
-0.0066555124
-0.0033878966
-0.001341254
-0.0006814724
4.5474735e-13
