1.0913936e-11
0.003934633
0.016756201
0.00482364
0.015028438
0.017333604
0.017112583
0.03396451
0.032687154
0.018852366
0.041016206
0.04466782
0.043009736
0.036282662
0.0153991785
0.007117266
-0.004927424
-0.0006448829
-0.00838898
-0.00510812
-0.0053162533
-0.018859114
-0.017956674
-0.032081544
-0.021607574
-0.028099282
-0.041436832
-0.027106494
-0.021247966
-0.017757997
-0.014522447
-0.0019001234
-0.01792604
-0.014712834
-0.01401943
-0.010326033
-0.014827076
-0.010334857
-0.0074258605
2.1827873e-11
