1.4551915e-11
0.0011716489
0.0027172752
0.0033656543
0.00400196
0.0035534536
0.0023157937
5.8494472e-05
-0.00018589417
0.0003188711
-2.6588794e-05
-0.0028673792
-0.0056019723
-0.0057056732
-0.0029398294
-0.0002967706
0.0019035449
0.0019871334
0.0030296263
0.00043542945
-0.0044884947
-0.0057629813
-0.005266797
-0.0043030544
-0.0023708928
-0.00017296606
0.0001785878
-0.0010115184
-0.003748383
-0.0036118221
-0.0014045232
-7.578064e-05
0.0013282571
0.00304756
0.0033001741
0.0024662702
-0.0008596343
-0.0022403998
-0.0010200676
-7.275958e-12
