-3.637979e-12
0.00052135246
0.0016271668
0.0028990558
0.0030075016
0.00040133507
-0.005448959
-0.008631182
-0.0064205285
-0.0009909713
0.0010579188
0.0018115662
0.005443898
0.00519833
0.0012526946
0.00085057935
0.0013860423
0.004456505
0.0042246194
0.0021128375
0.0020736854
0.0011721661
0.0004247076
-0.00022922656
0.0017368129
0.00540889
0.005534469
0.0031083357
0.0019542424
0.00048181554
-0.0040752073
-0.0048744874
-0.0029043173
-0.0019004192
-0.003805709
-0.0050028535
-0.0031011696
-0.0010898837
-0.00044200226
9.094947e-13
