3.637979e-12
0.00091357634
0.002792342
0.00467684
0.0020909125
0.0026247005
0.00039367957
-0.0028714847
-0.005126889
-0.0031456093
-0.0029784427
-0.0027018494
-0.0035952297
-0.003177606
-0.0014461407
0.00042996992
0.002995282
0.004839168
0.0039562904
-0.00035470305
-0.0058099916
-0.0073392647
-0.00606482
-0.0025591415
-0.0014846214
-0.00034573616
0.0037151363
0.004305905
0.001447495
-0.00021719796
0.00028553075
0.0036297925
0.0046394505
0.003275764
0.0024370118
0.0032148391
0.0013716131
-0.0002236063
-0.0006815177
9.094947e-12
