0.0
0.00062242
0.00273008
0.010908953
0.016938243
0.013940778
0.010290019
0.00968366
0.009359311
0.004352537
0.006705804
0.0046271347
-0.0015981862
-0.0036836218
-0.0017183333
0.006545062
0.0055248244
0.0027060274
0.0021041585
0.0054774024
-0.0031965761
-0.0032512515
-0.0026463503
0.0049776817
0.0042327326
-0.0061397115
-0.008888848
-0.004499997
-0.0077453665
-0.011730071
-0.008458776
-0.008561444
-0.008007208
-0.012105871
-0.008944916
-0.0033959856
-0.002777465
-0.0028496222
-0.0017000637
-1.0004442e-11
