0.0
0.0010055184
0.0026057009
0.003543219
0.0035871495
0.0038977326
0.004380285
0.0054546124
0.005427975
0.005465088
0.0052509615
0.0041138674
0.00012700411
-0.0024462882
-0.0030277881
-0.00082343095
0.0018713647
0.003883054
0.0033078797
0.0006360394
-0.0033061672
-0.005359244
-0.006441567
-0.006277865
-0.0056327125
-0.0036948046
-0.0028538012
-0.003388212
-0.005095872
-0.0052010356
-0.0044027036
-0.0016873372
-0.0001637231
0.0008027954
0.0010827067
-0.00055600336
-0.002403792
-0.00223149
-0.0008617144
1.8189894e-12
