1.8189894e-12
0.00077859184
0.001947369
0.0018078674
-0.0016236756
-0.005150662
-0.006623036
-0.0052332655
-0.0033915557
-0.00079727697
0.0005928549
0.00049445295
-0.0014230125
-0.0024520524
-0.001866119
-0.0006166449
0.0013346463
0.0036888546
0.0039046959
0.0029808066
0.0007633163
-0.0017954839
-0.00085939467
0.0020283288
0.004161504
0.005888159
0.005404616
0.0044501205
0.0022258246
0.0007669028
0.0012943506
0.0011261131
-0.0013943937
-0.0054652775
-0.0065780184
-0.0061587207
-0.0037939018
-0.0018669773
-0.00045181962
3.637979e-12
