1.8189894e-12
0.00054386107
0.0027217548
0.0039509153
0.0026724306
-0.0007201212
-0.003847756
-0.0056013917
-0.0059823836
-0.0055828067
-0.004027925
-0.0025917117
-0.0027824526
-0.0034904662
-0.0049999324
-0.0048004687
-0.0021393588
-0.0006422796
0.0007668543
0.0005985121
-0.00090197806
-0.0027687754
-0.003727769
-0.0023483073
0.00068724144
0.002825024
0.0028900856
0.0029125765
0.0033242134
0.0042983848
0.004306418
0.0040051118
0.0046878066
0.0045858924
0.0016161974
-0.0022140932
-0.003979072
-0.002476038
-0.0009311411
3.637979e-12
