2.728484e-12
0.0009752945
0.003611403
0.0055890656
0.003644942
0.0025263499
0.0011498256
-0.00044081482
-0.002160858
-0.0030858323
-0.0020759315
-0.003095569
-0.0048005204
-0.006161217
-0.0038798095
-0.000318634
0.0025063602
0.002922494
0.00052437605
-0.0018464411
-0.0050997725
-0.007129794
-0.005891245
-0.0051642274
-0.002959891
0.00035270624
0.0018479531
0.0012385367
-0.0004669812
-0.0017153583
0.00018730276
0.0027279472
0.0042778375
0.004171288
0.003571487
0.003950912
0.002218093
-0.0011788444
-0.00043710408
9.094947e-13
