0.0
0.00020666537
0.0013239313
0.0009156176
-0.0010392864
-0.0029980028
-0.002603526
0.00068829814
0.0035077124
0.0044344924
0.0037908433
0.003907115
0.003540524
0.0038341638
0.0041941064
0.0035350411
0.0027857414
0.0010272479
-0.0023696772
-0.004574152
-0.0044191345
-0.0015598054
0.0023470023
0.0044263145
0.0027777723
-0.00030317792
-0.0035113725
-0.0043222355
-0.0044953465
-0.0040394953
-0.0021467835
-0.00026316303
-0.00041474903
-0.0019451147
-0.0042872746
-0.0038583297
-0.0019413813
-0.0005912993
-0.00044512018
7.275958e-12
