1.364242e-12
0.0010345668
0.0012817456
0.0042349803
0.0062341434
0.0029693588
0.0013665061
0.0019987365
0.003629593
0.0047630947
0.0033951397
0.0019928531
0.0013879461
-0.00022048404
-0.001833031
-0.0011770637
0.0011314673
0.0036060377
0.0032853417
0.00069028797
-0.00029106857
-0.0019004127
-0.005652229
-0.0054701483
-0.002778959
-0.0019834456
-0.00226057
-0.004336476
-0.003322288
0.00018227097
0.00026644906
0.0018302475
0.0013760573
-0.0016297618
-0.0070604533
-0.01028193
-0.007898294
-0.002991481
-0.0006565989
2.728484e-12
