1.8026185e-09
-0.04185672
-0.04172008
-0.0046382863
0.059764877
-0.0058054384
0.1253525
0.06948924
0.04203182
0.11420549
0.03866998
0.22721818
0.059086442
0.11691914
0.089324564
0.050127357
0.12787573
-0.009661198
-0.016790854
0.06140015
0.010938615
0.052857656
0.0087332055
0.070190236
0.075872496
0.08659734
0.040623054
0.016198702
0.05533813
0.0063114194
0.01580777
0.032818854
0.0053546815
0.026877956
-0.026550412
-0.022342654
0.059332464
-0.035554096
-0.03810969
-0.044073675
-0.03844416
-0.049049936
0.05755627
-0.00043691136
-0.077172704
-0.088394284
-0.1213525
0.01432441
-0.14924914
-0.08909024
-0.07741053
-0.12440857
-0.20513305
-0.14988169
-0.18959197
-0.13689914
-0.10327938
0.011356171
-0.15310484
-1.4151738e-09
