-1.8189894e-12
0.0018328414
0.005709584
0.008799065
0.0076291934
0.0061322004
0.0007574132
-0.0012790151
0.0021638083
0.005453136
0.0033647912
0.00039501733
0.0007742997
0.001251368
-0.00010349753
-0.003411629
-0.002787407
0.0012903505
0.0024825903
0.000791313
-0.00039731103
-0.0011894526
-0.0033579865
-0.005304496
-0.0063668657
-0.0021056673
0.0013744113
-0.00073462276
-0.0016192063
-0.0025158273
-0.0036627543
-0.003484701
-0.0012263206
-0.0023487175
-0.0022285231
-0.006006561
-0.008973293
-0.006171519
-0.0022421076
7.275958e-12
