3.637979e-12
9.284087e-05
-0.0011785438
-0.0025863594
-0.0026731268
-0.003861785
-0.004317576
-0.0022885853
0.00066145905
0.0012669425
-0.0007537088
-0.0014391302
-0.003368551
-0.005765692
-0.007465937
-0.005781102
-0.002546832
0.001287266
0.0012340345
0.00036246554
-0.0006340784
-0.0021315725
-0.003065112
-0.003900696
-0.0006136211
-0.0011491934
-0.001663479
-0.0027506908
-0.0065855677
-0.007174798
-0.0025893566
0.0018050037
0.00607068
0.010647272
0.010864413
0.008333024
0.0030792374
0.00016651824
-0.00025470156
1.8189894e-12
