3.9108272e-11
0.0065361527
0.010224406
0.01759937
0.020762965
0.016923867
0.022540834
0.04019057
0.04224861
0.039884873
0.04087319
0.03422176
0.011617372
0.0016204452
-0.0023884487
0.007332072
0.0034473157
-0.016700773
-0.005028266
-0.0010286595
-0.012039285
-0.021093039
-0.022561703
-0.028314812
-0.02444515
-0.0187681
-0.02449006
-0.012186943
-0.003627297
-0.02088817
-0.008294461
-0.02135457
-0.012169657
-0.01811501
-0.01552356
-0.0076005487
-0.0005420451
-0.007731879
-0.0073444955
1.6370905e-11
