0.0
0.0020929254
0.004651608
0.005105834
-0.004217664
-0.007633881
-0.0054182773
-0.008047546
-0.011927135
-0.009136055
-0.00903326
-0.008414725
-0.008015588
-0.010336029
-0.0059705377
-0.000608188
-0.0041580615
-0.004756461
0.003155895
0.010645242
0.012839408
0.011422407
0.0073114154
0.009433905
0.0061674286
0.0027907446
0.007789631
0.0009374528
-0.0025778408
-0.005572772
-0.0017946952
0.0038709969
0.0043265224
0.0026054964
0.003744869
0.00602979
0.00054650824
-0.004949914
-0.002115563
-4.5474735e-12
