2.728484e-12
0.000823222
0.0041709044
0.003491017
-0.0036695434
-0.007384023
-0.006529706
-0.0063446388
-0.0045158532
-0.0010365935
-0.0023241015
-0.0061301882
-0.005743153
-0.001708073
-0.00012077294
0.0011802652
0.0014705462
-0.0018005907
-0.0021637718
0.0034851194
0.0065465244
0.006003488
0.005973195
0.0050285608
0.0052364785
0.0053103887
0.0038519816
-0.00024419156
-0.0028487882
-0.002642889
-0.0010705658
0.0035385978
0.0054592625
-0.00057729485
-0.005310077
-0.004791448
-0.004044058
-0.0029956922
-0.00037670147
7.275958e-12
