2.2737368e-13
0.0010887558
0.0021056656
0.0020856522
0.0020080684
-0.0012474108
-0.0071674725
-0.009408464
-0.0070908577
-0.0007636024
0.0019364404
0.0032230753
0.0056207543
0.0049461923
0.0017735832
0.0012969144
0.0026370743
0.0038901884
0.004019725
0.0016632833
0.0021487917
3.592141e-05
-0.00048409175
-0.00066302484
0.0022947285
0.00395423
0.0035234438
0.0010774271
-0.00074141455
-0.0025081316
-0.0068695867
-0.005976186
-0.0041139964
-0.003380133
-0.004554129
-0.0059061907
-0.004354827
-0.0005875263
-7.668144e-05
5.456968e-12
