9.094947e-13
0.0005194677
0.0005417934
0.0008720369
-0.0030991812
-0.007774329
-0.010568899
-0.0075327936
-0.002931481
3.8459257e-06
0.00065301836
0.0046501975
0.006016661
0.0026575748
0.0015134772
0.0016424978
0.0034728553
0.0057896995
0.0036708547
0.0024036025
0.0018083984
0.00076307426
-0.0007921131
-0.0014542141
0.0008558864
0.0036507347
0.0042353147
0.0013050889
0.00012873563
-0.0007925503
-0.0047380636
-0.00658617
-0.005312379
-0.002977485
-0.0037338228
-0.0046569724
-0.004768116
-0.0017113802
-0.0008990646
1.0913936e-11
