0.0
0.0005169462
0.0020609582
0.003210706
0.0007501448
-0.0033388594
-0.005622007
-0.004805453
-0.0022032987
-0.0005349113
0.0002612469
0.0010721238
0.00032641293
-0.0019542868
-0.003610101
-0.003322365
-0.00096684985
0.001711401
0.0016794439
0.0016416258
0.0007748385
-0.0019243623
-0.002972821
-0.0014612944
0.0020792931
0.004857884
0.0060772826
0.005635045
0.0045955013
0.0034600806
0.0039661387
0.0044341898
0.0026184851
0.00036170022
-0.0024990481
-0.00420134
-0.0040686014
-0.0019967062
-0.00047900775
-7.275958e-12
