7.275958e-12
0.00043564942
0.0007344379
0.00027169945
-0.0017604753
-0.0033002542
-0.0035032926
-0.0013697268
0.0017492543
0.0028367988
0.0028865142
0.0028177868
0.0034687119
0.0044612675
0.004030101
0.004293662
0.004705081
0.0043785735
0.00083216163
-0.00267675
-0.003955466
-0.0023265404
0.00036749
0.0027828547
0.0035008725
0.0016342516
-0.0014802868
-0.004788977
-0.0058910013
-0.005904721
-0.0053618094
-0.0034848037
-0.002476274
-0.0025361439
-0.0031262278
-0.004873
-0.00403559
-0.001947354
-0.0003698287
0.0
