0.0
0.0010937238
0.005047387
0.0054185432
-0.00025523617
-0.004317615
-0.008387677
-0.011039981
-0.012037256
-0.009419277
-0.0079636965
-0.010035538
-0.008386017
-0.0058491575
-0.0040600738
-0.0019773708
-0.0067415833
-0.014335565
-0.016940895
-0.013398905
-0.009417185
-0.004472897
0.0012399111
-8.880417e-05
-0.008930812
-0.014004285
-0.017404374
-0.016406495
-0.014034137
-0.016566416
-0.015773706
-0.0112588145
-0.0076026646
-0.006185343
-0.0040018824
-0.0035301403
-0.004174521
-0.0024768389
-0.00167587
-2.3646862e-11
