-1.4551915e-11
0.00061852054
0.0034775184
0.0054770345
0.0023135834
0.00092365703
0.00046069198
0.0042285305
0.0050605484
0.0035704777
0.0023665936
0.0024875223
0.00084398285
-0.0013732288
-0.0015385337
0.0012166401
0.0042353384
0.0034306154
0.002138955
0.001929598
-0.0015368827
-0.004646925
-0.00423782
-0.002654878
-0.002939707
-0.0031376935
-0.0035673329
-0.0020427387
-8.521101e-05
0.0023430123
0.004551503
0.004394574
0.0008306103
-0.0053274906
-0.0072745797
-0.0064750174
-0.0028508788
-0.0014926292
-0.00086955464
1.2732926e-11
