-6.82121e-13
0.0014511592
0.0027586694
0.0015129079
-0.0019281739
-0.00047495012
0.0004405547
-0.0017013832
-0.0032986319
0.00095152087
0.0021786222
0.0038190626
0.0008383884
0.0020150642
0.0013997966
-0.0044073206
-0.0082064085
-0.0038913544
0.00057012436
0.002297344
8.188322e-05
-0.0024623624
-0.0037485436
-0.004782541
-0.007044993
-0.0032827426
-0.0018275969
-0.00027634721
-0.0028206203
-0.0038794465
-4.5044697e-05
0.0065788277
0.009179411
0.01172178
0.012372393
0.0064871283
8.627074e-05
-0.0025532928
-0.0008622642
3.637979e-12
