-4.092726e-12
0.0020138521
0.003990106
-0.0007854843
-0.0025560374
-0.0018040708
-0.0037399894
-0.007791847
-0.0042826757
-0.0014259373
0.0015784635
-0.0022426522
-0.009089193
-0.009108737
-0.004862385
-0.009518874
-0.0071003595
-0.008638713
-0.005013796
-0.0062302137
-0.008575761
-0.0057509867
0.00180139
0.0013323426
-0.0006117524
0.004888395
0.011280422
0.014259476
0.016110998
0.013179965
0.008656792
0.007797622
0.007538909
0.004564346
0.0054551098
0.002156362
-0.003015744
-0.0015200833
-0.001400631
3.637979e-12
