6.366463e-12
0.0011362599
-0.001862119
0.0021500653
0.0034170784
0.0011167123
-0.0057205707
-0.0035069066
2.141652e-05
0.00294668
0.0039695
-0.0021261848
-0.006301363
-0.004519009
-0.007950239
-0.008058165
-0.009481574
-0.0064130845
-0.0054212287
-0.006325831
-0.0078300275
-0.0025176841
-0.0020714037
-0.006806099
-0.0029976387
0.002949182
0.008477255
0.012850841
0.009882559
0.008445538
0.008305656
0.0076245237
0.00908678
0.00817212
0.0027126041
-0.0025650521
-0.004486436
-0.003981821
-0.0013925225
0.0
