5.456968e-12
0.0011168278
0.0012927492
-0.00046148722
-0.00031806307
-0.0021971436
-0.003959503
-0.0056525283
-0.0053132214
-0.00067398464
0.0015636261
0.0010711832
-0.0010158534
-0.0013544257
-0.0021970277
-0.0025609354
-0.0006151012
-0.001332788
-0.0024251114
-0.0063944957
-0.008314661
-0.0065572327
-0.0009767533
0.0044898237
0.007909514
0.0083005475
0.0045876964
0.0014050596
-0.0020799772
0.00016366784
0.0038997298
0.0028201328
-6.583995e-05
-0.0007499172
-0.0007695969
-1.6900536e-05
-0.002927216
-0.0035425639
-0.0017005362
3.637979e-12
