-2.910383e-11
0.0019187175
0.0051458264
0.009787632
0.012105081
0.010639701
0.005290046
-0.0011439315
0.00075052783
0.004153367
0.005012482
0.0019184309
0.0014396461
0.0019378788
-0.000595091
-0.002109583
-0.0012204776
-0.00027310918
0.0016965101
0.003904853
0.0020101133
0.0020114384
-0.0014498703
-0.005474059
-0.0053568874
-0.0033560896
0.0014854183
0.002101287
-0.0012351242
-0.0019091703
-0.003197081
-0.005249273
-0.004431652
-0.00014064627
-0.0011558412
-0.0020175965
-0.0047620907
-0.005098625
-0.0014245742
0.0
