-1.09139364e-10
0.047184575
0.003529182
-0.0059633083
0.03906096
-7.604016e-05
-0.009625866
0.025652152
0.018173631
0.022248294
0.033717245
-0.0006243023
0.027667524
0.0010915159
0.01290408
0.052531186
0.008153133
0.06959654
0.0053993072
0.05910609
0.002413054
0.04905835
0.012646876
0.0026085218
0.03055217
0.0071392115
-0.013197059
-0.060253453
-0.036039248
-0.07343577
-0.060338877
-0.052411295
-0.012706991
-0.0057412433
-0.045543168
-0.04133163
-0.019143585
-0.006729423
-0.02212485
2.0008883e-10
