-2.728484e-12
0.0013918526
0.0026722618
-0.00013011461
-0.0059613
-0.006080662
-0.0067539215
-0.0069932025
-0.0027535185
9.112466e-05
0.0005992764
-0.0008798713
-0.00012910855
0.004028399
0.008742879
0.012557885
0.012162989
0.010220898
0.0019673624
-0.0028892048
-0.0036721635
-0.00090398313
0.0011310945
0.0019452551
-0.00091828895
-0.00043922587
-0.0003919878
-0.0027834673
0.00013545353
0.0025082547
0.0023324133
0.0033598524
0.00078490213
-0.0005108064
-0.0019485267
-0.005009129
-0.008013568
-0.0036582896
-0.0011728856
-5.456968e-12
