-3.637979e-12
0.0027941694
0.012182085
0.019465888
0.018140767
0.026895141
0.028781941
0.021950774
0.017092954
0.011290898
0.017714541
0.0152088525
0.0014916062
0.007615986
0.007948197
0.0041528274
-0.004802556
-0.00819614
-0.010653416
-0.0077739293
-0.0102712335
-0.006906368
-0.002056632
-0.0074823415
-0.018929794
-0.016304184
-0.008320495
-0.0015363152
-0.0033522495
-0.01680519
-0.01898399
-0.016737258
-0.021334508
-0.013440539
-0.011975102
-0.0067425547
-0.0046524797
-0.0051039695
-0.0038144852
-8.185452e-12
