9.094947e-12
0.001099416
0.0022800057
-0.0014492357
-0.0014772448
-0.005453774
-0.009573674
-0.009323863
-0.004413762
0.0017267892
0.0022069956
0.00021121296
0.0034798523
0.004233841
0.007586801
0.011306221
0.011830412
0.009972502
0.005970455
-0.0031294217
-0.005860883
-0.0017095355
2.4363457e-05
0.0025822711
0.000649311
0.0026411188
0.0013241854
-0.0019390266
-0.0017495264
0.0031465916
0.0031041102
0.0007081726
-0.0010749043
-0.0012091212
-0.0018869101
-0.004009297
-0.00800377
-0.005095531
-0.0015890633
-1.1823431e-11
