1.0913936e-11
0.0014278815
0.0031711736
0.004664744
0.0019159634
-0.0023516337
-0.004522091
-0.0051991926
-0.00480342
-0.00489442
-0.0026475515
-0.0007027023
-0.001076286
-0.0030222554
-0.0044337846
-0.0040422115
-0.0016221731
-0.00019760104
0.00024680755
0.0010707306
0.000117898686
-0.0027100071
-0.0035192766
-0.0019662278
0.0019553162
0.0040803594
0.004600443
0.0048629455
0.0048077055
0.0050116335
0.005431098
0.006314208
0.0055669565
0.004791485
0.002604185
-0.00035855226
-0.0025860344
-0.0024926586
-0.0011152304
1.6370905e-11
