-4.092726e-12
0.0014865778
0.0046375436
0.0004404022
-0.0060001737
-0.0051262206
-0.0069645923
-0.008561818
-0.008341356
-0.008273556
-0.0052074967
-0.0047755567
-0.0076340204
-0.0045173774
-0.004115853
-0.005784629
-0.0069510946
-0.002214599
0.0027835898
0.008215866
0.009918569
0.0056495303
0.0067558587
0.007684672
0.008621766
0.008803805
0.0054965457
-0.001517884
-0.0027602755
-0.004232704
-0.0024545027
0.0008950225
0.0017296048
0.0038335507
0.0047322367
-0.0020242736
-0.0021231875
-0.002656234
-0.0012977782
9.094947e-13
