9.094947e-13
0.0013597897
0.003934687
0.006198408
0.0064304955
0.0055372333
0.006027504
0.004911659
0.0051170904
0.0053236866
0.0049092793
0.0026828968
-0.00033807737
-0.002607996
-0.0027115452
-0.0022755757
-4.202139e-05
0.0036566127
0.0051139263
0.0019974643
-0.0032143188
-0.00519399
-0.004790255
-0.004043028
-0.0035985175
-0.00139192
0.0008388198
0.00012255623
-0.0029744294
-0.0042378735
-0.0036050586
-0.0006116574
0.000787665
0.0012905579
0.00218539
0.001310706
-0.0014407702
-0.002737923
-0.0010652837
-1.4551915e-11
