-1.8189894e-12
0.0009875846
0.0028050689
0.0020519095
-0.0004424433
-0.0011500987
0.0005212872
0.0034006396
0.0047240984
0.005192705
0.005083695
0.0045275614
0.0031946932
0.0010486775
0.00027373293
0.0031073247
0.0069168783
0.005929632
0.004542316
0.0025747016
-0.00017996982
-0.0015751605
-0.0032415395
-0.0037299872
-0.0033195883
-0.0042414246
-0.005556587
-0.0051641096
-0.0017909263
0.0015857333
0.00404078
0.0018442576
-0.0003878898
-0.004108823
-0.006335785
-0.005831419
-0.004235565
-0.0030998695
-0.0014219817
-1.4551915e-11
