1.1368684e-12
0.00056233275
0.0021896288
0.0035268841
0.0013728376
-0.0035670758
-0.006092771
-0.0054900385
-0.0025339536
-0.0012968828
-0.00024627947
0.0015234676
0.00032505664
-0.0015751284
-0.0034949954
-0.0024037112
0.0007526862
0.0027755005
0.002833386
0.0029856197
0.0016990313
-0.0005634803
-0.0013259784
0.0015092533
0.004858059
0.0071053226
0.006816375
0.005910525
0.004513458
0.0046917694
0.0041846386
0.0037478504
0.0013436652
-0.0016555416
-0.0042044846
-0.0054674577
-0.003603989
-0.0018621926
-0.00085294
9.094947e-13
