1.8189894e-12
0.00065908744
0.0020915833
0.004159319
0.002105574
0.00038423424
-0.0005059622
-0.0029924545
-0.0061910725
-0.0048236568
-0.0024057184
-0.00187658
-0.0026341497
-0.0045062522
-0.0025358489
0.00014172608
0.00044271216
0.0017416023
0.0013670648
-0.0016523206
-0.00685945
-0.01020321
-0.008229305
-0.0035631154
0.0003160454
0.00061779993
0.0036214308
0.0054334784
0.0028448717
0.00032470736
0.00090406206
0.0020921342
0.0038585588
0.0035876846
0.0017095837
0.0016104201
0.0009218479
-0.000362407
-0.00049017125
0.0
