2.728484e-12
0.0010626146
0.0006652864
-0.0011483652
-0.00094095606
-0.0025530695
-0.0018503912
-0.00025373296
-0.00076981133
-0.00029961637
-0.0038068064
-0.008111079
-0.0077665336
-0.0026097759
0.003740726
0.0068891393
0.007890329
0.006793046
0.0024649831
-0.0021105062
-0.0009407456
0.0042232275
0.0037033078
0.00063630316
-0.00014863149
0.0010369293
-0.00027778343
-0.0026309357
-0.004211536
-0.0006614624
0.003097367
0.0017876577
0.00081885426
-0.00019334714
-0.0013129958
-0.0037979032
-0.006637588
-0.0033807813
-0.00090800086
-1.4551915e-11
