-2.764864e-10
-0.08408546
-0.059954405
-0.036121495
-0.016189521
-0.057944052
0.052824352
-0.055298597
0.03377205
-0.072548985
-0.080632634
-0.013736971
-0.10070561
-0.037378043
0.00047217403
0.036544617
-0.12763475
0.15007767
-0.12480412
0.09498082
0.12977824
0.09765188
0.13989738
0.08349176
0.089306824
0.09459156
0.09306078
0.05628358
0.082371406
-0.002844695
0.12999149
-0.022468813
-0.04512542
-0.096756026
-0.084702596
-0.015728902
-0.13249454
0.07024178
-0.09005812
0.08846881
0.08957105
-0.016986625
0.07872267
0.008172642
-0.035511475
-0.022540327
0.023322254
-0.080019504
0.017953072
0.017792527
-0.073292956
0.056735147
0.037618157
-0.09355756
0.035549194
0.026479356
0.07653807
0.0008497238
0.0968389
3.6379788e-11
