-3.637979e-12
0.00041325847
0.00097380305
-0.002118513
-0.0021268097
-0.0033067595
-0.003496393
-0.0012703295
-0.0008546979
-0.001170254
-0.004161451
-0.0072067017
-0.006508904
-0.0009253034
0.0047713276
0.009700551
0.01048735
0.008247826
0.004784548
0.00057670206
0.0016457874
0.00591975
0.005745913
0.0023012678
0.00093578827
0.00094741327
0.00076772354
-0.0017432289
-0.004001701
-0.0005761862
0.0029784103
0.0016119082
0.00096064195
-0.00044768682
-0.0015846607
-0.0039921952
-0.005701558
-0.003297392
-0.00061137654
-1.4551915e-11
