-9.094947e-13
0.0011004627
0.0027811974
0.0030376723
0.007977212
0.012221885
0.012969809
0.014431283
0.014230773
0.008104905
0.0059003653
0.003945634
0.0033078364
0.007817432
0.0036859377
-0.003796336
-0.0006579683
0.003121361
0.005689029
0.0019275191
0.0015662326
-0.002610692
-0.0070601287
-0.011725405
-0.0048054014
-0.0021217186
-0.003128388
-0.0067876303
-0.008584216
-0.009274502
-0.009911794
-0.011044012
-0.008946476
-0.005775843
-0.006494056
-0.013180881
-0.007962057
-0.004787797
-0.0012867805
-1.0913936e-11
