7.6397555e-11
0.024306942
-0.009060191
0.006656237
-0.039381936
-0.063390955
-0.044485047
-0.08575894
-0.055880632
-0.11974889
-0.1083107
-0.11607096
-0.08634634
-0.11700118
-0.050546303
-0.11700742
-0.07757364
-0.052244797
-0.101076394
-0.07752316
-0.07018161
-0.08675422
-0.0950159
-0.121099174
-0.06928641
-0.07764171
-0.056056447
-0.056908756
-0.020429017
-0.021051059
-0.02497374
-0.024282102
-0.028704194
-0.018852454
-0.031060673
0.013607364
-0.017596046
0.08600268
-0.03505735
-3.1650416e-10
