2.1827873e-11
0.0027732202
0.007459224
0.011693364
0.01604116
0.028161354
0.020759666
0.018324008
0.015967017
0.015355479
0.014124591
0.0092671625
0.004961294
0.009459273
0.007562921
0.0038593533
0.001244802
-0.0053687794
-0.0039301836
-0.0049802875
-0.003035648
0.0015814218
0.00029862043
-0.012840636
-0.015638713
-0.011623972
-0.0054533505
-0.0012884119
-0.005247068
-0.016742136
-0.015263512
-0.01909332
-0.014910359
-0.0167411
-0.010523953
-0.0062836385
-0.010214195
-0.008386551
-0.0026013537
5.0931703e-11
