-7.275958e-12
0.0010634182
0.0027345545
0.0026019078
0.0016180949
0.00026324444
-0.002670858
-0.0047535216
-0.0036643462
0.00023290463
0.0029005616
0.0013543793
-0.00012109797
-0.0008012607
-0.002943686
-0.0031632758
1.7603441e-05
0.00015960998
-0.0010430276
-0.003205631
-0.0064406963
-0.0031204242
0.0034908743
0.006860949
0.011941997
0.011591866
0.0062103644
0.001136553
-0.00061246
0.0028431742
0.0042286306
0.0025599597
5.621952e-05
0.0008597227
-0.002461545
-0.0020758365
-0.00312844
-0.0033505186
-0.00065906986
4.5474735e-12
