1.4551915e-11
0.0011228255
0.004589378
0.0038541814
0.00233949
0.0014741358
0.001395189
-0.0025186175
-0.00477824
-0.003933446
0.00035529648
0.0009989152
-0.0010023953
-0.0011486238
-0.001751916
-0.000958991
0.00015378238
-4.2533546e-05
0.0010458188
-0.003657085
-0.008397308
-0.007078786
-0.001231195
0.004125059
0.0074633607
0.009610641
0.008971276
0.0033318899
-0.00047740867
0.0034764418
0.0060646012
0.0044917213
0.0015994404
0.0022373437
0.0011302135
-0.00068735634
-0.003853565
-0.004299029
-0.00068402535
6.366463e-12
