9.094947e-13
0.0005574665
-6.213237e-05
-0.003441297
-0.003581284
-0.002167612
-0.0034071335
-0.0036266148
-0.0023174773
0.0014289961
0.003798594
0.0015040679
0.0005947892
0.0019612056
-0.0015794045
-0.0070633134
-0.0071877893
-0.0007449696
0.0015991677
0.0007586216
-0.003425784
-0.0039150985
-0.005009299
-0.0063297558
-0.004952525
-0.0015003693
0.00075014005
-1.4680758e-05
-0.0011217685
-0.000552133
0.0042662276
0.011182316
0.010698094
0.0134398695
0.01038909
0.0033997314
-0.0026588792
-0.0028705313
-0.00095314987
1.8189894e-12
