3.637979e-12
0.00040231354
0.0011913319
-0.00033571146
-0.0028743998
-0.0016620578
0.0012196476
0.003006297
0.0034375556
0.004334701
0.0045988676
0.0036535095
0.00015119431
-0.001828404
0.002431362
0.0056857043
0.006173115
0.0051888414
0.005366828
0.0035579184
0.001419093
-0.00037974236
5.8100668e-05
-0.00011989739
-0.0017004336
-0.0055031143
-0.0053002406
-0.0031949098
0.00049570657
0.0024591933
0.002267715
0.0014104935
-7.576111e-05
-0.004662387
-0.006036886
-0.0052559394
-0.0038242128
-0.0014571982
-0.0005189778
9.094947e-13
