1.8189894e-12
0.0006758727
-0.0014499681
0.00075801386
-0.00061269244
-0.008726048
-0.011969628
-0.014634099
-0.011790868
-0.0020209218
-0.003596222
-0.008107966
-0.011205251
-0.014076178
-0.009708533
-0.009196096
-0.012778907
-0.009451458
-0.0018500981
-0.006952688
-0.009737941
-0.003983544
0.006985304
0.010585715
0.01513003
0.013025115
0.02007613
0.022451207
0.014492465
0.01520172
0.01301645
0.009445392
0.0051801596
0.00410451
0.007359305
0.008370424
0.003441203
-0.00886948
-0.0010619665
-1.2732926e-11
