-7.275958e-12
0.0010069668
0.0022320384
0.0005146923
-0.0011841347
-0.0024912506
-0.004763327
-0.002749822
-0.001715085
-0.0016180241
-0.0023599504
-0.00652707
-0.0072029596
-0.0026265706
0.0029882286
0.008381718
0.012433113
0.010391112
0.00576613
0.0015697875
0.000216707
0.0036553286
0.0038859698
0.002178268
-0.0007828457
-0.0012441284
-0.0029014715
-0.00288124
-0.0049401466
-0.0045715002
0.00015664578
0.001433458
-0.00038911353
-0.0004427093
-0.0022957912
-0.0043271766
-0.0057158414
-0.0033377537
-0.0010436542
-1.8189894e-12
