2.3646862e-11
0.0061698826
0.008744561
0.008798428
0.0005849991
0.013482727
0.019215293
0.028487757
0.035125744
0.024668563
0.032778054
0.019640904
0.009791619
0.008892396
0.009953348
0.0022119775
0.003442798
0.00135071
0.00072579074
0.0028130559
-0.011256135
-0.016913854
-0.009918969
-0.016616914
-0.016353663
-0.020152077
-0.012693097
-0.0073506604
-0.011211336
-0.028257843
-0.01307076
-0.0084368065
-0.011595856
-0.014413498
-0.014739899
-0.019464523
-0.017103849
-0.013961478
-0.004066443
-2.910383e-11
