7.275958e-12
0.0009699644
0.002292653
0.0031577807
0.0036875822
0.0042161345
0.0039698076
0.0013638615
-0.001784073
0.000560474
0.00522582
0.0064923204
0.005856183
0.005754346
0.0046161087
0.0024795877
0.0003128933
0.0004969341
0.0006235818
-0.0005547907
-0.004111671
-0.005366148
-0.0037931206
-0.00015769052
0.0019791361
0.0022724955
0.0010032139
-0.0005310001
-0.004466368
-0.0070356047
-0.006300294
-0.005086201
-0.0028060211
-0.00047511858
0.0007266352
0.0011574464
-0.0022515878
-0.0025133896
-0.0007637943
6.366463e-12
