3.637979e-12
0.0018141632
0.003576743
0.0024402668
0.001866543
0.00019096314
-0.0015524634
-0.0044105267
-0.0056929216
-0.00284853
0.00048572524
0.0008831097
-0.0021066025
-0.0021174808
-0.003370414
-0.0034160705
-0.0012720713
-0.0008305836
-0.0012649696
-0.0041858647
-0.007398603
-0.0063637104
-0.0006448682
0.0050793095
0.009846307
0.010400711
0.007982693
0.004458453
0.00039957627
0.0020308052
0.006092508
0.0053899265
0.0021736615
0.00080837787
0.0011454346
0.0006344224
-0.0022021607
-0.0037457666
-0.0014361019
-3.637979e-12
