5.456968e-12
0.0008574384
0.0033660047
0.004790203
0.0048143435
0.004997381
0.00610985
0.006670105
0.00634104
0.006417885
0.007222654
0.0060167764
0.0018063876
-0.0017754594
-0.0020252115
-0.00025459914
0.0022649644
0.004128265
0.0038245248
0.0016849961
-0.002378639
-0.0047452464
-0.0054288856
-0.005698134
-0.004005152
-0.0036641194
-0.00261561
-0.0037718224
-0.005321964
-0.0056365333
-0.0037101675
-0.0012609477
2.5484922e-05
2.4151814e-06
-0.001048482
-0.0028030584
-0.004137517
-0.0032315406
-0.00074014085
1.0913936e-11
