0.0
0.00018930825
0.0008100725
-0.0013373586
-0.00058759097
0.0018860679
0.009281045
0.010988593
0.010449765
0.010639901
0.0036028267
-0.0031466647
-0.0048886416
-0.0020220922
0.0016315682
9.2075e-05
-0.0021065297
-0.0015591679
-0.00078050187
-0.0016928727
-0.0017264043
0.00020443439
0.003756783
0.004955407
0.0021052698
0.00040797982
0.0024694724
-0.0032777798
-0.007470072
-0.0067504933
0.00011723774
0.0021656537
0.00038371794
-0.0033917106
-0.0027545108
-0.004639346
-0.005107285
-0.0034598508
-0.00058278977
4.5474735e-13
