-4.3655746e-11
0.014563597
0.00039908104
-0.044109587
-0.01932207
-0.05164759
-0.05853393
-0.08074786
-0.052697185
-0.007288956
-0.032112587
0.007214699
-0.042328168
-0.03918436
0.0041101715
-0.017082136
0.027218886
0.025264561
0.023247078
0.046880733
-0.009235414
0.011176122
0.05403734
-0.004746056
0.036599644
0.031027935
0.0046891468
0.026212245
-0.0074337153
0.052431528
0.0018147603
0.07375351
0.011377895
0.060175844
0.0029972638
0.015074879
0.017856717
-0.019747986
-0.015874207
1.0186341e-10
