-4.9112714e-11
0.003076036
-0.0008089766
-0.019932177
-0.01250142
0.0018477419
-0.002127151
-0.004635377
-0.002711394
0.021901425
0.014035298
0.033957053
0.023531124
0.031073678
0.04171944
0.028598724
0.058309626
0.031852767
0.040014822
0.03587452
0.035062816
0.01946152
0.0076058055
-0.010748938
-0.0251705
-0.0028208962
-0.012946511
-0.019596048
-0.024391957
-0.025441207
-0.03150043
-0.045088433
-0.04163719
-0.03339915
-0.021539148
-0.039986797
-0.025934262
-0.019464212
-0.0014852745
4.3655746e-11
