1.4551915e-11
0.0013763807
0.0008681526
-0.0003760151
-0.00055056595
-0.00235666
-0.0047019124
-0.005498316
-0.0031022718
0.000873644
0.0018858736
-0.00034416726
-0.0011607064
-0.003074586
-0.0039285296
-0.001446936
-0.0014373426
-0.0005703436
-0.0028030402
-0.006676431
-0.0059201224
-0.0013075251
0.0042309505
0.009402269
0.01181725
0.008139163
0.004512571
-0.00034433583
0.0009057166
0.0032093492
0.0041742655
0.0011848498
-0.0006756837
-0.0015395059
-0.0023500402
-0.0028283969
-0.0053801253
-0.003835508
-0.00029950985
0.0
