0.0
0.0005381873
0.001111675
0.0012909998
0.0029062685
0.004001385
0.004270143
0.003930359
0.0052716117
0.006810826
0.006112779
0.0019246872
-0.001457941
-0.0017224393
-0.0008187134
0.0011190668
0.0034620806
0.0051065446
0.0047379043
0.001192846
-0.0021589897
-0.003347403
-0.0035142838
-0.0030372941
-0.002664827
-0.0019748686
-0.0017021196
-0.00322353
-0.0054793796
-0.0049847555
-0.002357805
-0.0002258354
0.00037230487
1.8356746e-05
-0.00092069287
-0.002864735
-0.004117499
-0.0029672973
-0.00054309226
3.637979e-12
