1.8189894e-11
0.0017333853
0.0069563584
0.009088246
0.0043149577
0.007043961
0.007630657
0.010255189
0.011292215
0.0057970877
0.0012684788
-0.00034710136
-0.0038964774
-0.0031179655
-0.00038957107
0.004724592
0.0041613756
0.003992557
0.0012603368
-0.00045063038
-0.0017386009
5.9540616e-06
0.005558784
0.005045648
-0.00042072154
-0.002371873
-0.0029889771
-0.0052787145
-0.004972547
-0.0064425846
-0.006103707
-0.002481043
-0.0044654557
-0.004062344
-0.0034312645
-0.0043686535
-0.005701423
-0.0038736435
-0.0019446973
2.728484e-12
