5.456968e-12
0.0032817102
0.010713536
0.0072236527
0.026345516
0.009596273
0.023192028
0.03519459
0.04349853
0.040848367
0.02625951
0.02207605
0.011483784
-0.0011882922
0.0025733514
-0.005552374
-0.0073356014
-0.0063237767
-0.00475798
-0.0050073843
-0.007353882
-0.019356554
-0.026330963
-0.017566547
-0.01551934
-0.016958764
-0.015602563
-0.008001346
-0.003925219
-0.008901833
-0.019531433
-0.017991684
-0.009780409
-0.010325914
-0.01046646
-0.018812636
-0.015565768
-0.0016977638
-0.005060594
-5.4569682e-11
