-9.094947e-12
0.0020374674
0.008393172
0.0134582585
0.0142302
0.010659521
0.009610807
0.0106428135
0.0052447654
0.0063097337
0.007611833
-0.0015482771
-0.0026755622
-0.0055469847
0.0025246085
0.0044674487
0.0028149507
0.002082781
0.0050934907
0.002949041
-0.003040539
-0.004592775
0.0033575678
0.005822451
0.0015164162
-0.0076947603
-0.0063590524
-0.0059195156
-0.010785094
-0.010761512
-0.008843064
-0.008810159
-0.007990859
-0.0092029
-0.009646429
-0.0013285824
-0.0022013392
-0.005750607
-0.002495628
1.0913936e-11
