1.0913936e-11
0.0018505116
0.0007615527
-0.014080528
-0.015663512
-0.0011621723
-0.012625056
-0.016581247
-0.018654637
-0.030739898
-0.024701146
-0.015990712
-0.024657069
-0.010473154
-0.007849905
-0.0038287025
-0.01746606
-0.0058900528
-0.02009035
-0.00929402
-0.01945476
-0.0083025545
-0.0026252775
-0.010618037
-0.0034259409
0.004203529
0.012130015
0.023513053
0.017963266
0.021534495
0.02764104
0.043750092
0.039052937
0.037471786
0.044345878
0.019951016
0.005358071
-0.008330018
-2.6458407e-05
1.2732926e-11
