3.637979e-12
0.0055232635
0.013181851
0.008256328
0.010504156
0.02061287
0.024315968
0.040493965
0.021734737
0.027254976
0.048531815
0.042626306
0.043746427
0.030170117
0.021201218
-0.0027005584
-0.0028663157
-0.012732339
-0.007689981
-0.0027735466
-0.01763402
-0.01919644
-0.022314984
-0.017453834
-0.025883377
-0.0382724
-0.034649912
-0.020330366
-0.027230347
-0.026159883
-0.0009061985
-0.00868363
-0.016679754
-0.009095767
-0.008226906
-0.015919568
-0.0060651703
-0.008063231
-0.0069064437
-7.094059e-11
