-1.4551915e-11
0.0010545772
0.0016842929
-0.0019708604
-0.0039142114
-0.005011717
-0.006624958
-0.007588886
-0.0041336054
-0.0016114241
-0.0019442869
-0.0025944435
-0.0036600728
0.0015961875
0.008589193
0.009488822
0.01210665
0.010846449
0.0041802353
-0.0019446725
-0.0022402087
0.0015057211
0.0029929942
0.000531696
-0.0018070202
-7.983198e-05
-0.0006387138
-0.002294309
-0.002879527
0.0016651081
0.0028054744
0.0023698097
-0.00040844994
0.0009782396
-0.0014989362
-0.008517577
-0.008617169
-0.0030803632
-0.0005024776
9.094947e-13
