7.275958e-12
0.0009326233
0.0030129172
0.0060433145
0.0065399534
0.005946282
0.0045493264
0.004591088
0.003860016
0.004346618
0.0025572241
2.7992064e-05
-0.0028902257
-0.0049779825
-0.004116777
-0.0023548668
-0.00038309902
0.0020367661
0.0030936582
0.00023706094
-0.0047777453
-0.006672618
-0.004941256
-0.0027201534
-0.0019165258
-9.970885e-05
0.0013069711
0.00048870844
-0.002638651
-0.003680536
-0.0020912748
0.00089877506
0.002066642
0.0016767713
0.0019242333
-0.00018954847
-0.0027391133
-0.0032951853
-0.0010890628
3.637979e-12
