0.0
0.00056072196
0.002230556
0.002972506
0.004678852
0.001534694
-0.00084418186
-0.0002794742
-0.0042475145
-0.008234657
-0.0047045616
0.0022693276
0.0025959956
-0.00058660714
-0.0049317535
-0.0041928007
-0.0051770965
-0.0059553077
-0.00039139236
0.0022598247
0.0014904381
0.0009843434
0.0014977437
0.005184598
0.011383542
0.012389762
0.012448533
0.008806983
0.0005384172
-0.0042624855
-0.0051627075
-0.001360208
0.0007339668
-0.0027586222
-0.002224059
-0.002145805
-0.0023994432
-0.0030638066
-0.00068576564
9.094947e-12
