-3.637979e-12
0.00054717466
5.343891e-05
-0.0008246927
0.000113568734
0.0045005986
0.009387791
0.012534684
0.012204209
0.00988455
0.001786246
-0.0028588546
-0.0036808103
-0.0010020887
0.0009802207
0.002111019
-0.000836473
-0.0005557426
-0.00028347468
-0.002565474
-0.00080716086
0.0028264201
0.0017398269
0.0037205608
0.0013193826
-0.00011167748
-0.0014153786
-0.0036812702
-0.007904507
-0.0055464245
-0.0014352507
0.002860504
0.00046118803
-0.004755635
-0.0067971908
-0.006125887
-0.0072825607
-0.003865928
-0.001270991
-3.637979e-12
