8.6402e-12
0.0028400808
0.005997744
0.004181776
0.008633662
0.0156107955
0.016016219
0.014705123
0.017746462
0.013205115
0.009209395
0.0047748056
0.0050396
0.0059938347
0.005936565
0.00028941594
-0.0067828745
-0.00027913475
0.0011813936
0.002056279
-0.0008215272
-0.0046636113
-0.004723141
-0.013720753
-0.012560024
-0.0044649546
-0.0020853938
-0.0061678123
-0.0074877637
-0.008073142
-0.008027352
-0.007302816
-0.012025647
-0.004225961
-0.0030128187
-0.0066262297
-0.009464708
-0.0056044576
-0.0019388779
0.0
