1.8189894e-12
0.0010068696
0.0031888892
0.0044542644
0.0016079912
0.0013671374
0.0015514388
0.00032095422
-0.0013460774
-0.005024763
-0.0021713532
0.00087107765
0.00020903986
-0.0019726453
-0.0022502667
-0.0024378337
-0.0052006394
-0.007314034
-0.006733032
-0.0014102991
8.2145736e-05
-0.0011700527
-0.00032540632
-0.0008825563
0.0007558223
0.0010364642
0.002012279
0.0026046496
-0.00033721805
-0.006449559
-0.0077556726
-0.0038490319
0.0009971294
0.004583164
0.007096857
0.0082239425
0.004072896
-0.0010062275
-0.00078475056
0.0
