0.0
0.00066565955
0.004755201
0.0036558886
0.0029620796
0.0004772778
-0.002570325
-0.00749565
-0.011311193
-0.004037632
-0.0037712625
-0.0028514308
-0.0070516523
-0.007875
-0.0087235365
-0.00980293
-0.009612028
-0.009080924
-0.0054445467
-0.0063707205
-0.012704841
-0.00685344
-0.004070134
0.0013293568
0.0034351975
0.0047970656
0.009599472
0.013353473
0.015288932
0.016581053
0.014032064
0.008627027
0.008355304
0.0031710505
0.006422543
0.00805424
0.0021298595
-0.003280221
-0.0021205684
-7.275958e-12
