3.637979e-12
0.0002137227
0.0007434738
-0.002692977
-0.007041378
-0.009057086
-0.008125651
-0.00376422
0.0008747615
0.005042879
0.006094334
0.005517576
0.0024846788
0.00010416527
0.00073038036
0.0033398587
0.0021846432
0.002070897
0.0017998398
0.0018716088
0.00046570148
-0.00093194545
-0.0026750267
0.0007637708
0.0020695643
0.0027064027
0.00047153252
0.00010175949
-0.00016028795
-0.0022771845
-0.0057138335
-0.0051916
-0.0018713966
-0.0011850643
-0.002361932
-0.0014585347
-0.0022579066
-0.0011868742
-0.00057185354
7.275958e-12
