-1.0913936e-11
0.004746366
0.003951415
0.015553911
0.017506905
0.020924546
0.024183985
0.032841776
0.037177876
0.043216087
0.052509606
0.020117573
0.020151583
0.007814773
0.00081002933
-0.0010346131
-0.004968414
-0.010218872
-0.006663323
-0.007295816
-0.008648012
-0.013420127
-0.028517798
-0.025681028
-0.021258622
-0.021161716
-0.018295862
-0.012545717
-0.00986532
-0.0075335065
-0.010526521
-0.018605353
-0.016942492
-0.009864042
-0.009232866
-0.011213022
-0.013221143
-0.013344805
-0.00034437008
1.4551915e-11
