0.0
0.0011283241
0.0017219358
-0.0010181417
-0.00060514954
-0.0021282055
-0.0026100012
-0.0011021656
-0.0005073331
-0.0017534136
-0.0030653875
-0.008151593
-0.007914527
-0.0032943427
0.002619783
0.0077708513
0.008410121
0.0071089235
0.0039836057
-0.0012415441
0.00040743558
0.004158777
0.005166478
0.0011371756
0.00059567054
0.000952056
0.001038655
-0.0021324418
-0.0038344318
-0.0003513451
0.0025180022
0.0015324611
3.70482e-05
-0.0009068638
-0.0022930633
-0.004876197
-0.006392351
-0.0039782166
-0.0005728056
5.456968e-12
