1.0913936e-11
0.0025549815
0.009186069
0.017558461
0.021903882
0.025143607
0.025532065
0.024171453
0.01841487
0.010053679
0.0057742936
0.01515204
0.009122765
0.00044756423
0.0017232831
0.0063041826
-0.001518142
-0.013332431
-0.013216013
-0.009223266
-0.010070647
-0.009387959
-0.006368128
-0.0027098262
-0.013569966
-0.018293502
-0.013121001
-0.0031356723
0.0006245945
-0.007870413
-0.021486336
-0.0165794
-0.01525487
-0.017182928
-0.008012708
-0.0070871487
-0.000727464
-0.006751718
-0.002742873
-1.8189894e-12
