6.366463e-12
0.00047767826
0.003546819
-0.009456729
-0.020497948
-0.014479917
-0.016064996
-0.012950851
-0.009826057
-0.003330725
-0.003050705
-0.0033593106
-0.0014789358
0.013944078
0.019153649
0.021717928
0.02726565
0.025512893
0.022295078
0.017930605
0.008472277
0.0075912788
0.015930848
0.0072375913
-0.0021769993
0.0045496803
0.0014464189
-0.002971346
-0.015651278
-0.015288558
-0.006032729
-0.011089757
-0.0064869593
-0.002973723
-0.0020078726
-0.009829862
-0.01524622
-0.0074564945
-0.0009235316
3.637979e-12
