2.2737368e-13
0.0006234288
0.0015199446
0.0003071542
-0.0024917733
-0.0029182504
-0.0018412829
-0.00038952444
0.0008947373
0.0026847944
0.002851213
0.0015430499
-0.0012900841
-0.00282053
1.4901685e-05
0.0032590623
0.004744684
0.005405612
0.0056416765
0.0040211203
0.0021149963
0.0010835832
0.0016870458
0.0012058353
-0.0024061576
-0.0052981293
-0.005752074
-0.0034450614
-0.0010392775
0.00030875375
0.0015924394
0.0020341314
-0.0018609536
-0.005662491
-0.006388319
-0.0057094023
-0.0036191943
-0.0013019776
-0.00045001204
5.456968e-12
