1.2732926e-11
0.00055095094
0.0021403027
0.0044311793
0.0057421764
0.0044672526
0.00046753726
-0.0026068953
-0.0034369575
-0.0037868745
-0.003388201
-0.0030148868
-0.0025791626
-0.0031953007
-0.0053098
-0.0069707516
-0.0050762356
-0.0026948464
-0.0012654183
-0.001470174
-0.0021651506
-0.0034954255
-0.0054843468
-0.00521045
-0.0021549098
0.000536572
0.0010819787
0.0018804374
0.003052149
0.004250032
0.00399789
0.004228419
0.00559943
0.0069715483
0.0051621157
0.00053728506
-0.001892702
-0.0016465356
-0.0007212007
-3.637979e-12
