-1.2732926e-11
0.0015678706
0.0009765709
0.0025680286
0.0025991923
-0.0041015483
-0.010491852
-0.012311041
-0.011445976
-0.0017142514
-0.0044459286
-0.009577941
-0.014179793
-0.014798905
-0.009681338
-0.013501103
-0.014687609
-0.006430552
-0.0061291475
-0.014077743
-0.0074659577
0.0026149217
0.008976669
0.012778308
0.011462335
0.020805873
0.021247424
0.015535856
0.0150261875
0.014594068
0.008341052
0.005964824
0.005810758
0.009639947
0.0062753735
-0.007878898
-0.0017848215
-0.00067792065
-0.00072727766
-7.275958e-12
