0.0
0.00085716846
0.002868622
0.004970231
0.004587214
0.0018102298
-0.0014131066
-0.003769944
-0.0040361844
-0.004042892
-0.002862806
-0.0015457168
-0.0014710842
-0.002804053
-0.0044281557
-0.0051945583
-0.0033498025
-0.0015685618
-0.00039808254
-0.00048256063
-0.001263476
-0.0036178688
-0.0042042807
-0.00353563
-0.0003578214
0.0026356564
0.0032603862
0.0034049074
0.003811746
0.0046025063
0.005297481
0.0047920337
0.005144326
0.0050834212
0.0029232756
-0.0008983875
-0.0032617399
-0.0024979548
-0.0009526941
1.8189894e-12
