1.8189894e-12
-2.935162e-05
-0.0010311627
-0.0012507796
-0.0012403233
-0.0012395463
0.00047655692
0.0007567924
0.0016007652
0.0007136818
-0.0054807803
-0.00819364
-0.0050953547
-4.8056245e-05
0.0043529663
0.006598221
0.0082307095
0.0059265406
0.00037466918
-0.0029010198
0.001534572
0.0041888785
0.0023240566
0.0011288443
0.0012385335
0.0020586746
0.0002912567
-0.0019575618
-0.0024361322
0.0019463694
0.004912588
0.0030699924
0.0021596292
0.0012675996
0.000889156
-0.0034122285
-0.0048138755
-0.0033332473
-0.00062442257
3.637979e-12
