5.456968e-10
0.04130067
-0.06597896
0.07849774
-0.036733113
-0.05512035
-0.05013828
-0.0676674
-0.035584636
-0.019610632
0.06416363
-0.016755788
-0.05667898
-0.089597985
-0.10228971
-0.006119538
-0.14645518
-0.07545069
-0.08111113
-0.12601575
-0.20358887
-0.15275836
-0.18703511
-0.14386994
-0.08149022
-0.06533455
0.045818713
-0.054937873
0.011328613
-0.02285301
0.0809783
0.09323362
-0.011530597
0.1125503
0.04738622
0.104401484
0.077791065
0.15183234
0.08113742
0.15212907
0.09714803
0.0704559
0.095647514
0.03951873
0.03196025
0.10318593
0.05571881
0.08534397
0.14266425
0.10009961
0.117104664
0.0838817
-0.0027208272
0.09926017
0.006446448
-0.014063932
-0.013737469
0.072913975
-0.087099664
-2.4920155e-10
