3.410605e-13
-0.0005475385
0.017770065
0.018990811
0.03127786
0.053390298
0.0231277
0.0039315843
0.0021832061
-0.0047185402
0.0035063387
-0.019307418
-0.0201157
-0.019436743
-0.009750377
-0.0057710614
-0.022868706
-0.0051810923
-0.023296075
-0.0034586177
0.0040705344
0.019544533
0.012176675
0.053178623
0.028730165
0.012737774
0.0017055108
-0.007356292
-0.0006164304
-0.003222893
-0.031012813
-0.011990275
-0.016760543
0.002608696
-0.027509587
-0.010823951
-0.0132133765
-0.020039702
0.003231636
5.456968e-12
