2.728484e-12
0.0011778094
0.0020085387
0.00016937623
-0.0013599363
-0.0018383935
-0.002654924
-0.007166806
-0.0069161
-0.0035252834
-0.00048080226
-0.0010799957
-0.0022270863
-0.0023425694
-0.002553145
-0.0016043391
-0.0009564057
-0.0012237593
-0.0013606562
-0.0067215785
-0.01032321
-0.0071206475
-0.0011890878
0.004265162
0.0071863118
0.009070883
0.0075596394
0.0020788496
-0.000877232
0.0039935564
0.0060912506
0.0032600043
0.0016592789
0.0012334858
0.0011831603
-0.0012213847
-0.0044523636
-0.003445486
-0.0012287528
-1.8189894e-12
