1.2732926e-11
0.0011091955
0.0037862067
0.002755875
-0.0014010716
-0.0031494754
-0.003531904
-0.002880044
-0.009159311
-0.0092385635
-0.0044403085
-0.0009615714
-0.003065947
-0.004356723
-0.0036007655
-0.0072744368
-0.0066904193
-0.005338832
0.0030807317
0.009439477
0.007172502
0.0032453022
0.0082640005
0.011213066
0.011755874
0.010320601
0.009679473
0.005813098
-0.00063245697
-0.008410307
-0.004212516
-0.0014995253
0.00036977383
0.0019632329
0.001608068
0.00082996435
2.5339716e-05
-0.003244692
-0.0009040644
7.275958e-12
