4.5474735e-13
0.00047717098
0.0018977547
0.004409208
0.00413586
0.0033513145
0.00080230506
-0.00134577
-0.00020930578
0.0028708733
0.005048002
0.006025153
0.0059417402
0.0050037308
0.0031299032
0.0009957866
0.0022312747
0.0015615905
-0.00075366395
-0.0045949947
-0.0060650557
-0.005180755
-0.0026184183
-0.0009705953
0.0009786244
0.0023887577
0.00069354114
-0.0034606638
-0.005882612
-0.0065044686
-0.004522158
-0.002676159
5.9046462e-05
0.00070990436
0.000103488914
-0.0018803526
-0.002356126
-0.0016718757
-0.0005190498
7.275958e-12
