3.637979e-12
0.0024479753
0.006985072
0.004489386
0.0008059745
0.006768197
0.0071065724
0.010687415
0.010201263
0.010856371
0.007857932
0.0008236297
-0.005798446
-0.0050919987
-0.00025469158
0.00066791166
0.0022733905
0.0019060845
0.0017909188
0.0011291999
-0.0022609509
-0.00049238745
0.005321078
0.004422128
-7.708951e-05
-0.0002883974
-0.0006025091
-0.0013690057
-0.0056354795
-0.007290602
-0.0018254353
0.0015109043
-0.000897483
-0.0020258743
-0.003767467
-0.0072136205
-0.008479066
-0.007789525
-0.002250324
7.275958e-12
