0.0
-0.00035513655
0.00026828685
0.0009084309
-0.0035432226
-0.008151454
-0.00757894
-0.0019842524
0.0032788035
0.007046785
0.009100165
0.009554163
0.005379621
0.0004438086
0.0012259559
0.0056485585
0.0053236512
0.0031084279
0.0013499829
0.0021315648
0.00032200542
-0.0014548675
-0.004896187
-0.002675009
0.0011927083
0.0009979743
-0.0006948011
-0.0015163132
-0.00074726884
-0.003264225
-0.005631838
-0.0058856886
-0.0022428182
0.0007447015
-0.00084896747
-0.0011693266
-0.0009793327
-0.0015472092
-0.00030220632
5.456968e-12
