9.094947e-13
0.00070702925
0.003110521
0.004938218
0.003036535
0.0014241808
0.00091323844
-0.0026331092
-0.006138036
-0.0040365485
-0.0022870935
-0.0025621485
-0.0030909455
-0.003436176
-0.00013697577
0.0011977007
0.00318997
0.0040650507
0.0025224937
-0.002704718
-0.007736616
-0.00821525
-0.004014243
-0.0009441505
-0.00058688613
0.0025142634
0.0045769983
0.003264749
0.00022141285
-0.0002194017
0.0025519442
0.004229312
0.0029773782
0.0011108734
0.0008888967
-3.7316408e-05
-0.0020746537
-0.0029941008
-0.0010697489
5.684342e-13
