-1.4551915e-11
0.0010818717
0.0033358084
0.0030965647
0.0009024264
-0.0004793634
0.0011981323
0.0034729347
0.005069376
0.0050555146
0.004724172
0.00370827
0.001979091
-0.0004010746
-0.0013919163
0.0023254165
0.0054857624
0.003995749
0.0029591892
0.00054145465
-0.0010045837
-0.0026440797
-0.0035335184
-0.0035425888
-0.00262084
-0.0045039905
-0.0055677225
-0.00394725
-0.00058376486
0.0029890658
0.0031748363
0.00091643684
-0.0026514689
-0.006017774
-0.0074974294
-0.006360479
-0.005048075
-0.0034533786
-0.0007845791
7.275958e-12
