1.9099389e-11
-0.016537203
0.027013168
-0.16759634
-0.08302912
-0.10935278
-0.06896062
-0.16834238
0.026001476
-0.071905896
-0.059767626
-0.010654001
-0.046256468
-0.15143737
-0.09092285
-0.06260084
-0.08837552
-0.012603485
0.007727051
-0.0069912104
0.0215228
0.0037434604
0.11238527
0.11309086
0.13603558
0.22303173
0.25760078
0.1653629
0.17484999
0.17890996
0.099876925
0.16101709
0.103777885
0.105673276
0.117667444
0.10937645
0.07350313
0.006832394
0.036574114
0.089243755
-0.026625408
-0.05852127
-0.10446955
-0.12332638
-0.12663886
-0.09913108
-0.24646603
-0.2142458
-0.27156717
-0.22056273
-0.266556
-0.12545854
-0.09244257
-0.14170891
-0.043199472
-0.056860697
-0.022601156
-0.07285053
-0.032843348
-2.2191671e-10
