9.094947e-13
0.00071887206
0.0024320963
0.0044301674
0.004493905
0.0028111574
-0.0015673816
-0.0044830665
-0.0058655906
-0.0061969003
-0.005579609
-0.004661519
-0.0039332574
-0.0044509503
-0.005874971
-0.0068841055
-0.0052238647
-0.002756628
-0.00064760976
-3.0229072e-05
-0.0005734302
-0.0016558177
-0.0032826983
-0.0032590164
-0.00071006257
0.0024778764
0.003306477
0.002703909
0.0034560128
0.0039798557
0.0043255216
0.0039376244
0.004330783
0.0056856656
0.0042919866
0.00043889112
-0.0025811165
-0.0020981217
-0.00089812983
8.185452e-12
