-4.5474735e-13
0.003992756
0.009882246
0.012612158
0.018144118
0.027884245
0.02492198
0.018346654
0.01758048
0.015295936
0.016817153
0.008594675
0.005959472
0.008300743
0.00806822
0.0039221803
-0.00024615368
-0.005278189
-0.005950443
-0.005784874
-0.0051609627
3.041685e-05
0.0013738025
-0.01135865
-0.014892686
-0.011809543
-0.003599677
-0.001332272
-0.0030886098
-0.015857149
-0.014203584
-0.017560001
-0.014768499
-0.014111142
-0.010805809
-0.0047633345
-0.0073599815
-0.010878397
-0.002696556
2.1827873e-11
