5.456968e-12
0.00071333535
0.002768061
0.0048175473
0.006055
0.005962851
0.005059788
0.0031862375
0.0010924344
0.002223506
0.0015950951
-0.00063487806
-0.004482368
-0.006091526
-0.0052036587
-0.002711014
-0.0009695535
0.00090416963
0.00240759
0.00072718307
-0.0034499324
-0.005871688
-0.0065068686
-0.004521556
-0.002669475
7.709798e-05
0.00070421206
0.00010058371
-0.0019130749
-0.002371161
-0.0015938102
-6.802479e-05
0.0021400228
0.003925997
0.003719487
0.0026404671
-0.00019203435
-0.0018603448
-0.00093566836
3.637979e-12
