0.0
0.00089927635
0.0025607115
0.0033468916
0.0025041653
0.0018511416
-0.0011636346
-0.0017331211
0.00062086474
0.0035261805
0.006016722
0.0066472725
0.0058875424
0.004519711
0.0033895301
0.0037364685
0.004192081
0.002367228
-0.0011623681
-0.0030943658
-0.0050344695
-0.0037305001
-0.0020525747
-0.0004502548
0.001394589
0.0011364932
-0.002260353
-0.00627489
-0.008135326
-0.0064713904
-0.004123469
-0.0020360295
-0.0006914804
-0.00042167978
-0.0013353077
-0.0033364408
-0.004121443
-0.0027753178
-0.0008520126
4.5474735e-12
