-7.275958e-12
0.0004980278
0.002248215
0.003173063
0.0014561325
0.0025095958
0.00043992035
-0.005765041
-0.00727378
-0.0033692932
0.00028644153
0.00269201
-0.0014100978
-0.0029208683
-0.0043327757
-0.0059246686
-0.0065148403
-0.0034906168
-0.00026811386
-0.0019037867
-0.0032358172
-0.0036135807
0.00258511
0.007351133
0.010855745
0.013250908
0.011580077
0.004902552
-0.0011424298
-0.0014941669
0.0020387578
0.003772469
-0.0004821387
-0.001304129
0.0011197967
-0.0013382313
-0.0035711867
-0.0013130421
-0.00076642196
-3.637979e-12
