3.7516656e-12
0.006503066
0.010261662
0.008324074
0.017892335
0.0066091395
0.019586273
-0.011692485
0.036716916
0.03303056
0.011774712
0.040228453
0.05881308
0.061887547
0.057203375
0.056114428
0.050318755
0.0572517
0.059416458
0.035168976
0.03164511
0.014274246
-0.00027422514
-0.022914156
-0.044452693
-0.038270846
-0.032500535
-0.046672143
-0.03489089
-0.046351008
-0.072595134
-0.075039424
-0.057816163
-0.045315113
-0.041658126
-0.03378214
-0.027509417
-0.021146562
-0.0073163565
-2.1827873e-11
