-2.2191671e-10
-0.0077649355
-0.023647273
0.051172968
0.06313312
0.07897382
0.09035735
0.07365406
0.111366704
0.101943865
0.120818704
0.1555435
0.14813653
0.17588735
0.18666105
0.22900212
0.16502614
0.15066706
0.14114764
0.12158775
0.10098577
0.04431216
0.054472506
0.10607913
0.047625575
0.055268392
0.04929154
0.08163613
0.0717327
0.043090936
0.000309024
0.109663494
0.042024557
0.1009066
-0.023653125
0.0038396167
-0.052028004
-0.07448577
-0.06998159
-0.060229123
-0.08299181
-0.14562592
-0.21020831
-0.23144138
-0.20434693
-0.23888072
-0.25114414
-0.23910783
-0.1731071
-0.16647616
-0.14973873
-0.08283825
-0.11784564
-0.0413056
-0.06290746
-0.06902933
-0.04906413
-0.045091704
-0.07674282
-2.1100277e-10
