3.1832315e-12
0.00080346025
0.00297391
0.0023988527
6.7784335e-05
-0.0024402696
-0.005764059
-0.0070844768
-0.005597421
-0.0048358436
-0.002064032
0.0012960177
0.0016521477
0.00087781134
-0.0012969533
-0.0013723336
0.0012498851
0.0035552913
0.0043765604
0.004093431
0.0038001838
0.0036172112
0.00053648185
-0.0011554377
0.0008374435
0.0053950506
0.0060160924
0.004222941
0.0031939344
0.0016488514
-0.00017285271
-0.0025712464
-0.0027466519
-0.0025212108
-0.0038311146
-0.0062498823
-0.0067612818
-0.0034995833
-0.0012338292
2.728484e-12
