-7.275958e-12
0.0010684743
0.0045346785
0.004726213
0.0011597022
0.00078595174
0.0013932982
0.00012179959
-0.002551054
-0.005175875
-0.0019456235
0.0015256568
0.00047135248
-0.00027847034
-0.0018377954
-0.0011676537
-0.0041267015
-0.006683468
-0.0036733719
0.00085255376
0.001485931
0.00017262524
0.00017450788
-0.0011675722
-0.00019880958
0.0009776567
0.0010066084
0.0014933487
-0.0016406669
-0.006122401
-0.0074333996
-0.0017412971
0.0034806286
0.00732702
0.0086717885
0.008090425
0.0045442083
-0.0011682598
-0.00093869265
3.1832315e-12
