3.637979e-12
0.00065339915
0.0014847383
0.0016400462
0.0019277484
0.00013669196
-0.0015260375
-0.0006876556
0.0025369632
0.0053973976
0.0068254615
0.0063513233
0.004963172
0.0045167548
0.004111804
0.004089252
0.0035808606
0.0012960403
-0.0012674994
-0.004039979
-0.005074327
-0.003284303
-0.0018928773
0.00036039727
0.0024153807
0.002795447
-0.00090019114
-0.0052052536
-0.0068112677
-0.004399178
-0.002703243
-0.0018410283
-0.00011686783
0.0012260092
0.0005468381
-0.0021930838
-0.0036700289
-0.002528501
-0.00073612406
7.275958e-12
