-7.275958e-12
0.0014346847
0.0018851226
-0.0009622243
0.0043794475
0.010987236
0.014251777
0.016140956
0.013233495
0.008535368
0.007852726
0.007345912
0.0046355147
0.0055035744
0.0012704671
-0.0028701192
-0.0016480121
-0.0003898479
0.007082217
0.004977715
0.0012080071
0.001333794
0.0015797906
-0.0048672217
-0.0042767813
-0.0022175326
0.0009795645
-0.00081842695
-0.008518016
-0.011848447
-0.0068632793
-0.010072105
-0.009625864
-0.010548349
-0.0063687935
-0.0075240843
-0.008921779
-0.008223424
-0.0015554851
3.637979e-12
