1.8189894e-12
0.0019361401
0.0016979794
0.0049237874
0.0011031998
-0.004706758
-0.005926463
-0.011631692
-0.013898872
-0.0048223534
0.0013715695
-0.0041109887
-0.010805739
-0.0077661723
-0.008394062
-0.007814882
-0.012592622
-0.007623956
-0.0016402467
-0.0068119103
-0.013151968
-0.008418966
-0.00042656806
0.0019425392
0.006696098
0.004077726
0.014605163
0.018293621
0.011975037
0.013992244
0.014753539
0.009138637
0.0038497723
0.0048319926
0.006483123
0.008859683
0.001529407
-0.0028621643
-0.0017806451
3.637979e-12
