1.8189894e-12
0.0010712622
0.004554174
0.0048594526
0.0025575282
-0.0028741835
-0.004860416
-0.01040227
-0.014615796
-0.004534837
0.0009895606
-0.0065915715
-0.008895038
-0.00851195
-0.007440826
-0.008058734
-0.011640882
-0.006567728
-0.0014071045
-0.0075003123
-0.0136672305
-0.004063298
-0.0031692768
0.006069665
0.0027814284
0.0063571734
0.015507976
0.01516066
0.011668299
0.014816528
0.012144429
0.0061098365
0.0027099024
0.003833319
0.0065901866
0.005573216
-0.0010208349
-0.0043084994
-0.0020786994
4.5474735e-12
