1.4551915e-11
0.0010104304
0.0016434568
0.0016872335
-0.00048563085
-0.0010548375
-0.0014062617
-0.004389874
-0.0071361545
-0.005276989
-0.0011964827
-0.0018190556
-0.0027191236
-0.002172689
-0.001961715
-0.0009317116
-0.00016040853
0.0014807438
0.00079805224
-0.003304797
-0.00859757
-0.0072547845
-0.004396424
0.0007039709
0.0055129426
0.0078202775
0.007862547
0.0036049632
0.00034277412
0.0014084892
0.004045119
0.0033968957
0.002398945
0.0020055522
0.0018059553
0.0011633195
-0.0025813477
-0.002957684
-0.00088161894
3.637979e-12
