4.5474735e-11
0.002299226
0.005430461
-0.0030228596
-0.010666892
-0.015778594
-0.012138694
-0.007877217
-0.00963431
-0.013583425
-0.015999239
-0.026193311
-0.030063823
-0.029780194
-0.024192471
-0.024772942
-0.025407342
-0.027579695
-0.024400659
-0.018312767
-0.01219539
-0.010624335
-0.012913162
-0.009477362
-0.0128358025
-0.016194362
-0.014990458
-0.013519072
-0.015527985
-0.013749709
-0.014714614
-0.016035128
-0.010157311
-0.008917541
-0.0027400828
0.0018709076
0.0019511238
-0.0025063753
-0.0021775279
2.5465852e-11
