1.0913936e-11
0.002416618
0.005938475
0.009626262
0.009548045
0.0056780227
0.0020034646
-0.000768777
0.0021488385
0.0050602304
0.0030184328
0.0005438583
-0.00027785538
-0.00086293695
-0.0010050291
-0.0048417794
-0.004319463
-0.00052824226
0.001919281
-0.00037338457
-0.0005257663
-0.0019472799
-0.0038423727
-0.0056382082
-0.0055633932
-0.00081606966
0.0014993618
0.0011021441
-0.0010379229
-0.0013202943
-0.0022923711
-0.0024582983
-0.0005749797
-0.0015082271
-0.0025050195
-0.0068249293
-0.00849128
-0.00567999
-0.0020604273
-2.0008883e-11
