-2.910383e-11
0.0034887958
0.009573579
0.011828237
0.0031655086
0.017485833
0.021865673
0.036286626
0.037621357
0.034603782
0.03578163
0.028137153
0.012791464
0.013427158
0.012052152
0.0011022754
0.0035543973
-0.0017379225
-0.00312391
-0.0013833311
-0.017581154
-0.0185013
-0.014870655
-0.018270027
-0.018367134
-0.019821085
-0.011745063
-0.0028829041
-0.012296805
-0.023723843
-0.006305746
-0.006841498
-0.0056014303
-0.0108896615
-0.0106455125
-0.016696673
-0.01737396
-0.007838955
-0.0034070078
-6.366463e-12
