1.0913936e-11
0.004175593
0.001779149
-0.0039539626
0.010603813
0.015075453
0.029368058
0.020025883
0.024233516
0.028685782
0.04852979
0.041292287
0.040301595
0.039821655
0.020321574
0.0071545956
-0.0045052837
-0.0039994996
0.00873063
-0.009537136
-0.016158052
-0.010836035
-0.0064127706
-0.02044289
-0.029463911
-0.03000319
-0.024873517
-0.029299006
-0.02202322
-0.017848654
-0.010172614
-0.0073371376
-0.017508116
-0.012634088
-0.014373118
-0.017401684
-0.011540767
-0.016737256
-0.003259322
2.1827873e-11
