1.4551915e-11
0.0016146943
0.004981952
0.006235332
0.006928141
0.0048100883
0.0019582026
0.0015723577
0.00453832
0.0031625445
0.0041009337
0.0028777474
0.002245688
0.0015080769
-0.0013612085
-0.0015296374
0.000527799
0.0023355575
0.0020356742
0.00018739166
-0.00018028668
-0.0012598903
-0.0042249677
-0.007236255
-0.00512558
-0.003065511
-0.0034165874
-0.0033966834
-0.0031730994
-0.0029489403
-0.001328415
0.0010956407
0.0010093654
0.0004265349
-0.0039731027
-0.00677914
-0.008060101
-0.0052333446
-0.0016697301
7.275958e-12
