-2.728484e-12
0.0013474191
0.004586447
0.0054390803
0.0031372148
-0.0011014054
-0.001383886
-0.002733074
-0.003064676
-0.007366685
-0.00628694
-0.0015531362
-0.0017357368
-0.005132627
-0.0037388862
-0.0046310704
-0.00818505
-0.0054406337
-0.0022081963
0.0076032565
0.0068275724
0.0039587747
0.0039842837
0.008480253
0.010704605
0.010143948
0.00469729
0.005485391
0.00075234106
-0.006218464
-0.0046031494
0.0011531711
0.0015400006
0.002707372
0.0026834619
0.0013253855
-0.0010431955
-0.0026996802
-0.0010813626
0.0
