2.3646862e-11
0.0036565582
0.007911572
0.012751394
0.014269341
0.014425305
0.023026768
0.019192602
0.013639491
0.015215853
0.011274038
0.0070601287
0.0043077725
0.00529883
0.008357306
0.0077213487
-0.006073332
-0.0024633165
0.0022117475
0.001445321
0.0031001973
0.000253023
-0.007557337
-0.010429161
-0.013831196
-0.0077032456
-0.0018654775
-0.005659618
-0.010115164
-0.014665282
-0.014306471
-0.00980534
-0.013311305
-0.014836368
-0.007365399
-0.0055692084
-0.012623762
-0.010522288
-0.0027796905
1.2732926e-11
