1.0913936e-11
0.002434111
0.0058439723
0.011778907
0.01377525
0.009363446
0.010084677
0.00873089
0.008092346
0.010159778
0.0054414724
-0.00028650346
-0.0044669816
-0.0050674356
-0.0024169139
0.0015230891
-0.0018832956
0.0030803909
0.0031094393
-0.0003331463
-0.0059305956
-0.0025887848
0.0011261082
0.0032401304
0.003294039
-0.004520051
-0.005511404
-0.005512985
-0.008071912
-0.008627581
-0.008837749
-0.0056629092
-0.0056023193
-0.007387106
-0.0063284454
-0.0008164814
-0.0044201147
-0.0064781806
-0.0016831507
1.8189894e-11
