1.4551915e-11
0.0016827746
0.0058662985
0.0019447462
-0.0011378849
-0.0022966377
-0.004718437
-0.0039368737
-0.0054623224
-0.008076157
-0.0053120484
-0.0033855452
-0.0048648454
-0.006059611
-0.0056232316
-0.0058483845
-0.007141828
-0.00487116
0.0015698816
0.008466517
0.008317502
0.0058933767
0.006519691
0.010624309
0.011352129
0.01204391
0.004647708
0.0040480886
0.00082718855
-0.004028794
-0.0041152593
0.0023485017
0.0035727762
0.003014362
0.0035202897
0.0009620616
-0.001045136
-0.0020583556
-0.0019076713
-2.0008883e-11
