-2.728484e-12
0.0015954967
0.005095811
0.0043867696
0.0025192448
0.0014011434
0.0015509276
-6.78426e-05
-0.0031022155
-0.0063524903
-0.0021130643
0.0020338502
0.00086717214
-0.0019737934
-0.0024903675
-0.007557572
-0.010270437
-0.0075112553
-0.001959071
0.0035210697
0.00037505737
0.0018028452
0.0036252562
0.005166556
0.009533796
0.011607347
0.011433309
0.008983169
0.0027992837
-0.005064245
-0.0046998104
-0.00084125355
0.0011615781
0.0018235861
0.0011377679
0.002880425
0.00016070396
-0.0023976685
-0.0013841838
-2.0008883e-11
