6.8212103e-12
0.0028880406
0.0030136714
0.013317529
0.02063064
0.018755209
0.017973134
0.020103194
0.015703246
0.013276593
0.013221629
0.0072694053
0.0064123683
0.006690628
0.0041660457
0.004793123
-0.0008297489
-0.0067951214
-0.0050448333
-0.0042103725
-0.0003786594
0.0017576532
-0.0061049256
-0.0126933325
-0.012733852
-0.011080429
-0.004765909
0.005330639
-0.009102111
-0.010150559
-0.011363197
-0.013620819
-0.010485893
-0.010261653
-0.0053072167
-0.0052605057
-0.0056164516
-0.0069294246
-0.0020670367
1.4551915e-11
