-5.456968e-12
0.0013084974
0.0031658593
0.0036091148
0.00197254
0.0003400001
-0.0038074085
-0.005783207
-0.0049895607
-0.003568354
-0.0014560459
0.0010972875
0.0012523163
-0.00017945096
-0.0028693276
-0.0025544409
0.0014116173
0.0022791252
0.0032820362
0.0040069805
0.004427601
0.0028595368
-0.00013610117
0.000156992
0.0061926134
0.0074472716
0.0060335365
0.005211587
0.0036371876
0.0006272256
-0.0023672958
-0.0024313256
-0.002738948
-0.0050206035
-0.008349368
-0.0087815095
-0.0055271857
-0.001346167
-0.00037140463
5.456968e-12
