6.8394e-10
0.0059166923
-0.09171881
0.034849435
0.018545015
-0.071228236
0.036981963
0.0766011
-0.05157519
0.018977426
0.03399165
0.024819093
0.07490029
-0.020971451
0.019788355
-0.06278114
-0.09400308
-0.063881904
-0.072867565
-0.08237029
-0.06854852
-0.013198491
-0.1781802
-0.0996079
-0.1645065
-0.044452567
-0.08904862
-0.048879128
-0.0066870796
0.008809688
-0.0727682
0.0143606085
0.10524339
0.04224236
0.10204869
0.05975959
0.11575824
0.12477012
0.06108127
0.1318168
0.06768474
0.21983728
0.023664072
0.12009675
-0.009973101
0.027797436
-0.014000956
0.04034882
0.001274988
0.058680847
0.04781291
0.061445042
0.10840291
0.09486135
-0.035718806
0.021638397
0.03593175
-0.019079003
0.05000646
2.5465852e-10
