-5.456968e-12
0.0018409106
0.006426961
0.015320798
0.022397535
0.02047649
0.019963488
0.023189267
0.016508712
0.013618175
0.012743678
0.0061290096
0.0057439907
0.0024562199
0.0033940312
0.003047737
-0.0027639528
-0.008260093
-0.007854806
-0.003522385
-0.0014203626
-8.170027e-06
-0.0076909102
-0.011132028
-0.012626376
-0.012760194
0.00032249556
-0.0005459377
-0.0071190153
-0.011461658
-0.011519896
-0.01349065
-0.009510208
-0.009741786
-0.006191967
-0.0058749495
-0.0051661925
-0.00634999
-0.0029593224
7.275958e-12
