2.728484e-12
0.0005988077
0.0009165434
0.0044679884
0.005021335
0.0025805985
-8.348537e-05
0.0011595044
0.0023134155
0.0042456416
0.003063061
0.0015579755
0.0016932155
0.0004227059
-0.0006160175
0.00015828013
0.0020208291
0.005226005
0.00543618
0.0030525362
0.0016043857
0.00040670566
-0.0036552772
-0.0056666676
-0.0040986002
-0.0028976998
-0.0030524037
-0.004991253
-0.0056988187
-0.002402052
-0.0009786804
0.0003525933
0.001243164
0.00032173598
-0.0036407572
-0.008310864
-0.008752215
-0.004696016
-0.001300729
-7.275958e-12
