-1.4551915e-11
0.00044481945
0.004160676
-0.0103605455
-0.017695086
-0.013515746
-0.016626908
-0.025947802
-0.03836323
-0.03645914
-0.021275055
-0.037024464
-0.022190146
-0.011409353
-0.011670651
-0.019187596
-0.0134563865
-0.016549397
-0.017558094
-0.010883399
-0.018641526
-0.001907014
0.002941742
0.00053620886
0.006610133
0.009224645
0.029375091
0.028762618
0.024785433
0.02685587
0.04864094
0.045268077
0.047055393
0.03676528
0.029827515
0.008567615
-0.0010241922
-0.0015085796
-0.0045374334
2.2737368e-12
