0.0
0.0006611276
0.002559918
0.0033141184
0.0009217437
-0.004388125
-0.0071069673
-0.0068903933
-0.0030819126
-0.0006487656
0.00013342872
0.003754889
0.0061923964
0.003999432
0.001624746
0.0010718895
0.0037152886
0.00591585
0.0041457596
0.0026586344
0.0026042277
0.0013113101
-0.0010011181
-0.0022292098
-0.00018391683
0.0030148826
0.0033200646
0.0026906438
0.001792342
0.00017614191
-0.0039212247
-0.004550945
-0.0034916115
-0.0033786872
-0.003505026
-0.004185395
-0.0037406944
-0.00227514
-0.00076716614
2.2737368e-13
