1.8189894e-11
0.002693149
0.006755178
0.0054672537
0.0006008843
0.004015307
0.007935262
0.0094978865
0.007941956
0.008039395
0.0060611065
0.0007690388
-0.006732066
-0.005113241
-0.00037067453
0.00059908285
0.002617335
0.002774205
0.0010175512
0.00095129723
-0.002926442
-0.0013778373
0.002936353
0.0037681486
-0.0006401263
-0.0025398298
-0.0038492584
-0.0023878468
-0.0069858544
-0.010254733
-0.006127551
-0.0015425929
-0.002084664
-0.0044899066
-0.003662692
-0.0058717285
-0.007430384
-0.005952486
-0.0027116789
-1.8189894e-11
