0.0
0.00024727746
-0.00085441757
-0.0026224672
-0.003135891
0.0015605504
0.0023621067
0.00038191615
-0.0011134932
-0.0020941414
-0.0024489127
-0.0045513455
-0.007880451
-0.008950987
-0.0015154646
4.3915352e-05
-0.001639372
-0.0006176373
-0.0050997515
-0.007927541
-0.0088822665
-0.005383096
0.0005930967
0.0024093632
0.002398767
0.002974335
0.0041035116
0.0058133593
0.010065854
0.011900866
0.011002662
0.00862449
0.0009932485
-0.005366179
-0.006672769
-0.0018246351
-0.001340196
-0.00037879433
-0.00036385012
0.0
