0.0
0.00069545204
0.0015577136
0.0024080896
0.0019944734
0.002567301
0.0038009714
0.006345815
0.0076064
0.0064225355
0.0038652548
0.0014026285
0.00029007066
0.00079903763
0.0017423176
0.0038267025
0.004990075
0.0034957174
0.0005830819
-0.0015478446
-0.003556292
-0.0033480646
-0.0033351416
-0.0026558419
-0.0030860063
-0.0039786655
-0.0053809956
-0.006683177
-0.0048977253
-0.0027738286
-0.0006179579
-0.00094793865
-0.0020726977
-0.0027251919
-0.002773614
-0.0028893948
-0.0018817197
-0.0014273163
-0.00044281644
1.0913936e-11
