9.094947e-13
0.00065090763
-0.005798919
-0.010632311
-0.0046170307
-0.00862594
-0.005945921
-0.01122497
-0.025185924
-0.026527558
-0.022764124
-0.018741911
-0.023887012
-0.01065505
-0.011430891
-0.00955845
-0.00720337
-0.01764519
-0.016724916
-0.01567198
-0.008682784
-0.010298401
-0.011474514
-0.015390101
-0.0029992997
0.0034260948
0.00958267
0.017344909
0.016738225
0.020890914
0.026857201
0.035123147
0.03732261
0.04607578
0.043080647
0.011114124
0.01911264
0.0026584764
-0.000813397
-7.275958e-12
