5.456968e-12
0.0007224416
0.0067025414
0.0045160335
0.00029155644
-0.00036279598
0.00070730713
-0.005170203
-0.0062303646
-0.0034871595
0.00047487434
0.0005996325
-0.0075584096
-0.01140409
-0.007868636
-0.0081558535
-0.010258828
-0.010181507
-0.005981781
-0.0077693528
-0.0082163215
-0.0099643
-0.00016744275
0.00021256183
-0.0019670057
0.0021271503
0.008376012
0.0132304765
0.015505426
0.012895785
0.0069186743
0.0074513718
0.0064783352
0.0027268203
0.0055817347
0.0007242467
-0.0029728063
-0.002762702
-0.0022328398
0.0
