-6.548362e-11
0.0059010624
0.015387412
0.008297184
0.0029881988
0.0150987655
0.024469377
0.033486985
0.03804654
0.03152741
0.033262312
0.023459934
0.012029514
0.01035338
0.009449217
0.003180711
0.0024150633
-0.0013824388
0.004020068
-0.0020895684
-0.010476666
-0.020578217
-0.013718903
-0.013347539
-0.023825316
-0.017145097
-0.013795518
-0.0104653025
-0.009592988
-0.028816069
-0.017635075
-0.009446546
-0.010840962
-0.018526383
-0.018371876
-0.018516371
-0.014776552
-0.013268886
-0.0055997055
5.820766e-11
