0.0
0.0012699426
0.0033535033
0.004465116
0.007039506
0.0068079866
0.0031563581
0.0026928908
0.003220806
0.005298732
0.00494088
0.0029108175
0.0025143495
0.0009079258
-4.585141e-05
-0.00085647654
0.0015171781
0.004009979
0.0049811336
0.0036756506
0.0010330428
0.0007690114
-0.0026389593
-0.0045646382
-0.002792433
-0.0009625391
-0.0013543179
-0.0023839164
-0.0038356027
-0.001206884
0.0010803666
0.000993639
0.0020449285
0.0002605213
-0.004553461
-0.00916585
-0.009367152
-0.0038378262
-0.0011679821
4.5474735e-12
