1.1368684e-12
0.00065406866
0.0019598913
0.002914154
0.00050475646
-0.004670224
-0.0091201505
-0.008119605
-0.0044035427
-0.0019932846
-0.00041519722
0.0020827337
0.005357617
0.0028457385
0.00044967182
2.6494847e-05
0.002781914
0.0051294384
0.003797775
0.0020759443
0.0022349416
0.0019293597
-0.00053605833
-0.0011575345
0.0011014479
0.004081893
0.004825704
0.0020980476
0.0027958432
-6.337871e-05
-0.0039059413
-0.0049878815
-0.0032653583
-0.003276843
-0.0036714214
-0.004422035
-0.0034389172
-0.0018590136
-0.00061570265
7.275958e-12
