-8.731149e-11
0.008775342
-0.004885493
0.0038174645
0.011838952
0.029299762
0.046053685
0.031425204
0.041021887
0.049917698
0.054336727
0.048476495
0.049664337
0.04540296
0.036939315
0.030625362
0.027694741
0.003518344
-0.011830369
-0.025768753
-0.0017926823
-0.022349047
-0.020174906
-0.021972796
-0.04308594
-0.05448311
-0.046920102
-0.04917483
-0.054230288
-0.03069251
-0.041139722
-0.032590184
-0.029536756
-0.008887667
0.0077817254
-0.011504464
-0.016596079
-0.0072912537
-0.00824652
-3.637979e-12
