1.8189894e-11
0.0017663927
0.006711846
0.0066898903
0.0024758931
0.00511452
0.0077072717
0.010389808
0.009598107
0.0032335157
0.003690026
-0.0006685079
-0.0063566193
-0.0057982444
0.0014577461
0.0015447334
0.002577525
0.0032282104
0.0014489752
0.00048550998
-0.0017928065
0.0008067356
0.0048631174
0.0029951737
-0.00023068511
-0.0037201617
-0.0039549908
-0.0051658507
-0.005494293
-0.0091158375
-0.0061825737
-0.0023338737
-0.003547845
-0.0056683524
-0.0045340452
-0.0055590505
-0.008098927
-0.005600884
-0.0019554754
5.456968e-12
