-2.0008883e-11
0.0020968702
0.0072454764
0.012419048
0.01891122
0.01776881
0.022046132
0.034745626
0.03309114
0.042749267
0.049628627
0.020776257
0.01592783
0.0100950785
-0.0031841572
0.0035133003
-0.010326129
-0.0062457225
-0.009262743
-0.0067211185
-0.008123905
-0.014475957
-0.026559368
-0.026609685
-0.020811265
-0.020267567
-0.021723341
-0.009799687
-0.01505107
-0.0059744595
-0.013936446
-0.016914591
-0.019141976
-0.009171393
-0.011194833
-0.0075753476
-0.015477298
-0.00953192
-0.004131086
-1.0913936e-11
