-1.6007107e-09
0.08279478
0.016165651
0.032604545
0.12647507
0.08723853
0.114613116
0.12830785
-0.0060304524
0.06629759
0.032596372
0.035914473
-0.06256889
0.009098702
0.014438308
-0.059705324
0.061257623
0.049261205
-0.03809786
-0.021885807
0.07451158
0.04219497
-0.04258752
-0.01829268
-0.050443504
-0.0061754375
-0.016962262
-0.09905679
-0.06829543
-0.015244659
-0.1238056
-0.058769688
-0.105383284
-0.049868077
-0.029614525
-0.069660254
0.012585165
0.026992563
-0.12436187
0.14434575
-0.11406765
0.0686553
0.07398288
0.084039904
0.13548088
0.090396225
0.11325718
0.09383287
0.03836528
-0.003909642
0.10641273
0.03734216
-0.118657455
0.03387963
-0.09706795
-0.053593703
-0.057829812
-0.06803782
-0.10240068
-4.7293724e-11
