-7.275958e-12
0.0010585864
0.005214249
0.0056745512
6.4196414e-05
-0.0023099924
-0.0027122567
-0.0050905673
-0.005076817
-0.0062371464
-0.006519927
-0.0025523652
-0.0042751925
-0.0042088577
-0.0033519878
-0.0043520764
-0.0056541245
-0.004126601
-0.000925933
0.0067434274
0.009225686
0.004617028
0.0061368346
0.006770241
0.0101343
0.0108458465
0.0063009104
0.0016064765
-0.00030148646
-0.0035112137
-0.0049448363
-0.0005665483
0.0035003158
0.00377347
0.0031953524
0.0012692396
-0.00072277925
-0.0025610144
-0.0009097842
1.4551915e-11
