7.275958e-12
0.002053132
0.0044852477
0.009598721
0.012732315
0.009643662
0.004144242
-0.0001591018
0.00017141976
0.0033176322
0.0034781147
0.00058451144
0.00024557463
-0.0014143159
-0.0026987486
-0.0029155714
-0.0045834985
-0.003043475
0.0003790636
0.0013947114
-0.0009629273
-0.0015033233
-0.0042785592
-0.007231064
-0.0064938623
-0.0034818116
0.0013429003
0.001255447
8.1987906e-05
-0.0012576198
-0.002339546
-0.004398865
-0.0012150219
-0.0009779555
-0.0016568813
-0.003183327
-0.0075419312
-0.0056254263
-0.0016073514
-7.275958e-12
