-1.8189894e-12
0.0021169079
0.008476955
0.017757664
0.022334132
0.024464302
0.026825987
0.024603806
0.017852586
0.009724948
0.010175969
0.016119415
0.0072907773
-0.001197207
0.0054019545
0.0062325224
-0.005618652
-0.012607677
-0.012035617
-0.008738853
-0.008673081
-0.008298635
-0.0020745737
-0.0028817905
-0.013354223
-0.015673095
-0.007303104
0.0004539768
0.0019009706
-0.012591388
-0.020823367
-0.014525239
-0.018162142
-0.014632842
-0.009628721
-0.005067435
-0.005347389
-0.006540509
-0.0026853152
2.910383e-11
