-2.5465852e-11
0.0026667176
0.007881774
0.015364282
0.015265757
0.01578579
0.02284682
0.01790052
0.016397027
0.014221741
0.012756759
0.007420388
0.005834738
0.004484278
0.006989863
0.0027423077
-0.0040338184
-0.008527992
-0.002804327
-0.000830371
-0.00018566032
-0.0039409306
-0.0075332397
-0.015135389
-0.0119806705
-0.010229908
0.0022516488
-0.004074838
-0.008797076
-0.010492744
-0.012664037
-0.010415124
-0.0087574795
-0.009669695
-0.008196108
-0.0029718173
-0.00708655
-0.00797109
-0.0016371696
1.0913936e-11
