9.094947e-13
0.0007483323
0.000113929505
-0.0032493714
-0.009343469
-0.009003615
-0.0057542343
-0.00024198293
0.003285053
0.0073096813
0.0066571604
0.0034452172
-0.0013782168
0.0004434667
0.004222866
0.0037973989
0.0029910775
0.0025541289
0.0024751509
0.0021831533
-0.0009013515
-0.0022586035
0.0018583076
0.0037496504
0.0024542804
0.0012027631
3.646208e-05
0.00011128554
-0.0033908393
-0.0060455403
-0.0041111805
-0.0007947806
-0.0009550318
-0.0029142094
-0.0021385287
-0.0026370615
-0.0013163278
-0.0009928979
-0.00047702072
3.637979e-12
