9.094947e-13
0.000491862
0.0010760437
0.00085144455
-0.0020121816
-0.0070324084
-0.008987049
-0.00645527
-0.0014855894
0.0021009552
0.0025017378
0.006102521
0.007533881
0.005617649
0.0025529207
0.0035702803
0.0039251326
0.0060434043
0.0047969064
0.0026272163
0.0019499587
0.0008770374
-0.0010018746
-0.0011308164
-0.0005173435
0.003028956
0.004960169
0.0034975572
0.0014763932
0.0012034684
-0.0007099366
-0.0045011863
-0.0040288665
-0.0021902062
-0.0008983915
-0.0018473644
-0.0033983241
-0.002533507
-0.00054190663
-3.637979e-12
