-1.1368684e-13
0.032486286
0.016142223
-0.022202926
0.00019602478
-0.070268646
-0.049682926
-0.06874556
-0.050422665
-0.04294566
4.052045e-05
-0.007167767
-0.0360181
-0.064285226
-0.014817835
-0.02484594
0.03706003
-0.0072597684
0.013072189
0.017269332
-0.0072903605
-0.0068993624
0.041130424
0.0023971042
0.032659523
0.0026304743
0.011916089
0.026715841
-0.0023823045
0.040566534
0.022596158
0.02828406
0.05979546
0.012331169
0.041225575
0.016667645
0.036265433
0.028526437
-0.0024223945
5.002221e-12
