1.5916157e-12
0.00084560714
0.0012321761
-0.0017871147
-0.0030316901
-0.0034004766
-0.0059086117
-0.005032885
-0.0008684397
-0.0014602342
-0.0024838373
-0.004942702
-0.005518762
-0.0003430138
0.004967327
0.009435595
0.012145002
0.010832042
0.005917602
-0.00073199585
0.00046273798
0.003720965
0.0052135107
0.0024521989
0.001289506
0.0020306408
-0.00012712996
-0.0022212118
-0.0012419268
-0.00075142167
0.0014607921
0.0034334615
0.0026438015
0.0017122703
1.7025624e-05
-0.0049165115
-0.005735083
-0.0035754736
-0.0014810188
3.637979e-12
