9.094947e-13
0.0009226584
0.0021127844
0.00320822
0.002928834
0.0028150075
0.0019164938
0.0004545797
-0.0019702339
-0.00018617383
0.0043899054
0.0058371667
0.0043907086
0.0035462081
0.0013019553
0.00013243934
-0.0015466332
-0.0026156886
-0.0019007417
-0.0027104374
-0.00473395
-0.0052124388
-0.0029807675
0.0013251184
0.003700648
0.0030983519
0.0005474129
-0.0028630109
-0.005564203
-0.006586956
-0.004829987
-0.0044135326
-0.0019577267
0.0011840322
0.0008955414
-0.0013165388
-0.003213005
-0.0024629124
-0.00059501233
9.094947e-12
