1.4551915e-11
0.0010220326
0.0034754556
0.0028163716
0.0009013793
-0.0030659833
-0.0059772013
-0.007606156
-0.0062687565
-0.0050564837
-0.0034191355
0.0003465953
0.0017197311
9.601994e-05
-0.0018637745
-0.0023859122
0.00012910168
0.0021888677
0.0031871598
0.0029235168
0.0028400056
0.0019157403
0.0006137049
-0.0017831312
-0.00065445027
0.0042466586
0.005765816
0.0046685813
0.003647166
0.0017316254
0.00038707716
-0.0013198173
-0.0022761587
-0.0023197401
-0.0021876884
-0.0043345187
-0.0053873463
-0.00331996
-0.0014417977
-7.275958e-12
