0.0
0.00024152803
0.0024966164
0.0048774253
0.003961604
0.0046337387
0.004161399
0.002851643
0.0008022492
0.00019802974
0.0013539846
0.0051205074
0.0054490813
0.0042238543
0.0024156373
-0.00032451935
-0.0027738062
-0.0034218854
-0.0036098058
-0.0041352077
-0.004271098
-0.005175492
-0.005019674
-0.0025270914
0.00092167075
0.00307778
0.0017765316
-0.0019362939
-0.0057791797
-0.007882483
-0.00668532
-0.004481395
-0.0038726325
-0.0011846371
0.0029570137
0.0012735291
-0.0009605263
-0.0023732835
-0.0009528731
-5.002221e-12
