3.6834535e-11
0.08581147
0.041242234
-0.018131401
0.08660082
0.03867548
0.035598133
0.118978515
0.120096005
0.08520916
0.095688984
0.056121048
0.0015104599
0.09836078
0.04613939
-0.12601021
0.03698634
-0.088628516
-0.05235486
-0.07640467
-0.07335372
-0.0351828
-0.0123298345
0.10017954
0.0630619
-0.0054261694
0.07351207
-0.01024218
-0.019284982
-0.036577433
0.015527764
-0.07777108
0.015124299
0.019793428
-0.071479686
0.041318662
0.069374636
-0.052461017
0.01906295
0.03435821
0.020824386
0.07922174
-0.02301389
0.020217016
-0.062130645
-0.09781085
-0.06810309
-0.11168647
-0.0772424
-0.07225838
-0.021374177
-0.16713695
-0.09795356
-0.15181047
-0.06740841
-0.070299804
-0.06751767
-0.03654316
-0.03513548
1.6825652e-11
