4.1836756e-11
0.0038507492
0.000926204
0.0128166955
0.021539342
0.023931587
0.016476084
0.029556688
0.038467754
0.03602016
0.037399877
0.036604755
0.046317235
0.030612243
0.0414763
0.013211959
-0.008878834
-0.008402665
3.9776787e-06
-0.010106876
-0.017578058
-0.010407081
-0.02055463
-0.025625546
-0.03892213
-0.037973396
-0.024773756
-0.038810093
-0.034735553
-0.03554241
-0.009387102
-0.005920008
-0.008041481
-0.026574206
-0.0059619825
-0.0070224116
-0.015537472
-0.0045436146
-0.0023119738
-7.275958e-12
