-3.637979e-12
0.00043019556
0.00069897616
0.001722479
0.00163517
2.982153e-06
-0.0025482723
-0.0024029263
0.0008239313
0.004321249
0.005513161
0.0050664684
0.004440792
0.004552722
0.003898615
0.004168239
0.0041092266
0.00274494
0.00028597625
-0.00233453
-0.004143098
-0.0029410142
-0.0023877395
-0.00011164928
0.002979794
0.0040210076
0.0002193434
-0.0043341997
-0.006537295
-0.0050892318
-0.004643955
-0.0034345496
-0.0016538545
0.0008185195
0.00042777776
-0.0019889288
-0.0039246264
-0.0030216463
-0.00079312996
2.728484e-12
