3.637979e-12
0.00034423743
0.00069780846
0.0014182886
0.0009697525
-0.0012972555
-0.0031421816
-0.0024507865
0.0016076297
0.004586277
0.005408431
0.0046505877
0.0045315204
0.0043930546
0.003660405
0.004205936
0.003471559
0.0016934939
-0.0011776392
-0.0038354206
-0.004491099
-0.0030960557
-0.002216924
0.00049523637
0.003646366
0.0021147055
-0.0027130498
-0.006478625
-0.006261934
-0.004905263
-0.0041111903
-0.002935831
-0.0005061812
0.0007617709
-0.0016253858
-0.004033809
-0.0045693284
-0.0023952478
-0.00033862476
-3.637979e-12
