-1.0913936e-11
0.0020266909
0.0048433086
0.010621947
0.011050478
0.008101948
0.0033536423
-0.00078192644
0.0014031462
0.0034234682
0.0039871903
0.0005830201
-0.0006442276
-0.0017038824
-0.002242143
-0.0032785025
-0.0055031017
-0.0029145041
0.0010428159
-0.0002578048
-0.0012496908
-0.002404914
-0.003849376
-0.0067811003
-0.0064106504
-0.0041974094
0.00075003895
0.0006504028
9.20106e-06
-0.0009651164
-0.001980901
-0.0019088897
-0.00033040225
8.6639135e-05
0.00083670096
-0.0027930245
-0.0052694776
-0.0049712546
-0.0011034557
0.0
