-9.094947e-12
0.0022768534
0.007750756
-0.004190676
-0.017156858
-0.0048182085
-0.010445131
-0.01550992
-0.033223253
-0.028438829
-0.023298845
-0.030530892
-0.02524788
-0.012600012
-0.012739947
-0.016200544
-0.015614858
-0.017758418
-0.017279409
-0.013698981
-0.019175183
-0.002871848
-0.0012575584
0.0053032357
-0.001824165
0.014101103
0.01838794
0.031265873
0.016010096
0.026192114
0.037611898
0.045466457
0.042832382
0.0352234
0.033292864
0.0067600766
0.0018019278
-0.006949763
-0.0031384726
4.5474735e-11
