1.0913936e-11
0.00083027245
0.00068438496
-0.00142617
-0.002203298
-0.0023281057
-0.0041620666
-0.006595703
-0.0076350835
-0.0035826622
0.00037413312
-0.00094418525
-0.00079396844
-0.00048562317
-0.0002905556
0.0012618275
0.0012081824
0.0025435553
0.0017615948
-0.0029733246
-0.008046734
-0.006384834
-0.0020139865
0.0027838086
0.0054825987
0.007944525
0.007306505
0.002088276
-0.001458212
0.00046598888
0.0042758426
0.0035315035
0.001173912
0.0021974756
0.0010967461
0.0011892624
-0.0019145957
-0.0032437858
-0.001254694
0.0
