0.0
0.00059461
0.0027124535
0.009759811
0.011862574
0.012359334
0.009917238
0.0032831815
-0.0029093397
-0.004704702
-0.00088686135
0.0012842398
-0.0006077845
-0.002906644
-0.0013317693
-0.002106547
-0.002474469
-0.00065090216
0.0009769722
0.0037019574
0.0035065606
-0.00016190304
-0.00022120035
6.6345674e-05
-0.0064082947
-0.008264079
-0.002072147
0.001645633
0.0022298729
-0.0034794465
-0.0046946136
-0.0046586106
-0.007175344
-0.006033436
-0.0012984704
-0.00016374738
-0.0008564613
-0.0012911756
-0.0013753134
7.275958e-12
