1.8189894e-12
0.0011593312
0.00093364157
-0.0013641678
-0.0022975407
-0.0005377465
-0.0017014387
-0.0015762242
-0.00078298844
0.0031178752
0.004858614
0.003013671
0.00011734414
0.0028700794
-0.002638765
-0.007198591
-0.0071766493
-0.0004992639
0.0023030231
0.0004914873
-0.0033682098
-0.0027780887
-0.004603195
-0.005259125
-0.003043281
0.0005864229
0.0022764932
0.0010541328
0.0006456588
0.0017092354
0.0081827175
0.012748741
0.011596384
0.013558602
0.007674603
0.00020045688
-0.0040239743
-0.0026554745
-0.00030788872
9.094947e-13
