5.456968e-12
0.0008183458
0.0026191813
0.0026632214
0.00082153536
6.1808474e-05
-0.00039915834
-0.0020562857
-0.0057959147
-0.0053731184
-0.0011394012
-0.0004042699
-0.0012975344
-0.0006311781
-0.00068763294
0.00024616532
0.0018591047
0.0024378758
0.0027032054
-0.001843573
-0.006885547
-0.007904955
-0.0062047346
-0.0007638202
0.003267337
0.006878814
0.006704527
0.004587356
0.0008267287
0.00021251314
0.002322994
0.0031527427
0.0018595826
0.0016293004
0.0016745994
0.0004613491
-0.0011272908
-0.0027316108
-0.0012153318
0.0
