0.0
0.00045328
0.0013523966
-0.0008356718
-0.0041188085
-0.006297896
-0.0058780266
-0.003657187
-0.0008712688
0.0008709927
0.0020827537
0.0011131865
-0.000388518
-0.0017498967
-0.0016982587
-0.0009439172
0.0014457736
0.0026285248
0.0021618938
0.0012017383
-0.0011714741
-0.003281549
-0.0034635353
-0.00035871338
0.00278007
0.0041662585
0.0052505224
0.004101121
0.0029998976
0.0014404827
0.001982957
0.0023928897
0.0012008112
-0.002214259
-0.00427272
-0.0048914654
-0.0042787655
-0.0019174322
-0.0005409995
4.5474735e-13
