-7.275958e-12
0.0011742278
0.0033464162
0.0035195432
0.0016372044
-0.0018642554
-0.0045597507
-0.0066174082
-0.0054027685
-0.0046686404
-0.0032946412
0.00018471363
0.001298752
-3.6080426e-05
-0.002544167
-0.0031235311
-0.0010694335
0.0010861501
0.0027465357
0.0027581698
0.003213238
0.0026285523
0.0018101986
-0.0009647797
0.00042949663
0.0047644903
0.0073356945
0.0059625497
0.0049001104
0.0030587805
0.0015685243
-0.0006300886
-0.0017656122
-0.0019654632
-0.0018953672
-0.0042271293
-0.005292763
-0.004321816
-0.0010164556
3.637979e-12
