-3.637979e-12
0.00066264556
0.0027220608
0.0032873743
-0.0010078466
-0.005317907
-0.0066137183
-0.004526993
-0.003483979
-0.002515393
-0.0009894175
0.0013856993
-5.9520942e-05
-0.002339906
-0.0042882897
-0.0028189346
-8.197644e-05
0.0015988877
0.0011244537
0.0017768303
0.00076266786
-0.0022236765
-0.0030946184
-0.0012598126
0.00243211
0.005326101
0.005499551
0.005325027
0.0046715057
0.0048655323
0.0045011644
0.004996838
0.004165011
0.0023150651
-0.00042059144
-0.0026967654
-0.0027366723
-0.0013711734
-0.00082607
0.0
