7.3896445e-13
0.0009879987
0.014267828
0.020876763
0.025181817
0.025711477
0.031096654
0.023101542
0.018249627
0.014985332
0.00492142
0.012679647
0.012404651
0.0022207894
0.00085279485
0.0056388914
-0.0021075362
-0.010074834
-0.01685831
-0.0095489435
-0.004793032
-0.009980019
-0.004977207
-0.0006240008
-0.011790378
-0.014300279
-0.010601909
-0.0023155727
0.0029228046
-0.006314815
-0.022720527
-0.018443171
-0.017241523
-0.016737092
-0.00942654
-0.007177849
-0.0020189523
-0.002156666
-0.00497922
-2.6375346e-11
