0.0
0.00062705483
0.0013225921
0.0012603912
-0.0012372034
-0.0026817373
0.0001039186
0.0024406777
0.0031732689
0.0039809705
0.004340349
0.0044514677
0.0015004622
-0.0012232555
0.0008084978
0.0058040745
0.0059469286
0.005011971
0.0045712665
0.0028761134
0.00036380006
-0.0018291054
-0.0019025184
-0.001948001
-0.0032372056
-0.006777993
-0.0072036907
-0.0045285607
-0.0005788505
0.0014766535
0.0010518621
0.00012648388
-0.0019182856
-0.005953888
-0.0073699625
-0.005810237
-0.004722575
-0.001886813
-0.000572799
9.094947e-13
