1.0913936e-11
0.0009588279
0.003019412
0.0039994605
5.210936e-05
-0.004658647
-0.006473277
-0.0050997827
-0.00427367
-0.0037619737
-0.0009767495
0.00095798896
0.00015860796
-0.0025561838
-0.0038977044
-0.0023731855
0.0009598576
0.002328203
0.002945544
0.0035386651
0.0024854897
-0.0005456555
-0.0014229033
0.00096884754
0.0047850856
0.006351991
0.005484474
0.0047198255
0.0046757604
0.0038037617
0.003808976
0.004116994
0.0026681367
0.0007508882
-0.0023164602
-0.003949889
-0.0026615092
-0.0025404973
-0.0009131086
0.0
