9.094947e-13
0.0010173585
0.004055364
0.004998974
0.00092727237
-0.0010753793
-0.0028001775
-0.0016293931
-0.004543677
-0.008671978
-0.0055007697
0.0007840636
-0.0032957955
-0.0032177423
-0.004421247
-0.0061033545
-0.008671246
-0.006819084
-0.0013780143
0.006957471
0.0064355074
0.0026830342
0.0049869777
0.010033652
0.011790295
0.009926475
0.008148207
0.007944772
0.00052513037
-0.005484319
-0.004664168
0.0007869925
0.0011058773
0.002424315
0.0033347812
0.0005558064
0.00069599046
-0.0024447136
-0.0015069895
6.366463e-12
