2.1827873e-11
0.0020248503
0.002239523
0.0045827124
0.007911384
0.015095569
0.013686813
0.017275427
0.01623962
0.013354242
0.0077354927
0.008517703
0.0060547995
0.009494551
0.008043959
-0.0025948214
-0.0014376603
0.0022978454
0.0033308861
0.0027309645
-0.0022009737
-0.0022592684
-0.008649155
-0.013432398
-0.009093922
-0.0032018395
-0.0050203325
-0.0068371342
-0.00947679
-0.00846768
-0.008807208
-0.010610879
-0.008408589
-0.005223752
-0.0036478739
-0.010672641
-0.008806068
-0.0041107167
-0.0009010459
-9.094947e-13
