4.5474735e-13
0.0011931559
0.0025599534
0.0021692303
3.0036259e-05
-0.00227202
-0.001656421
0.0008066332
0.0027026872
0.002830789
0.0026224435
0.0023363794
0.0017649505
-0.0014655996
-0.0017806947
0.0013615086
0.0053273607
0.004420343
0.0030642548
0.0017488833
0.00028972814
-0.0014202235
-0.00296001
-0.002271089
-0.002570142
-0.004008207
-0.006160534
-0.004847869
-0.0012525566
0.00198646
0.002922826
0.0012033702
-0.0016680646
-0.004509929
-0.007076472
-0.006155737
-0.0050878474
-0.0033955167
-0.00060351903
7.275958e-12
