-3.637979e-12
0.0006872775
0.0033744022
0.005995444
0.0059690196
0.0050541162
0.0047703967
0.0041770213
0.0036255245
0.0040457523
0.003596141
0.0015331276
-0.0009015559
-0.0036554446
-0.0033154816
-0.0027036238
-0.0014127216
0.0019071762
0.0040825685
0.001580836
-0.003194916
-0.0068290327
-0.0060727373
-0.0051883627
-0.004478261
-0.002901068
0.00012066399
0.0003564073
-0.001962489
-0.0040915934
-0.0038390346
-0.00093997014
0.0011872889
0.0018207554
0.0026719212
0.0025576863
0.00037723198
-0.001903729
-0.0008664728
6.366463e-12
