-1.8189894e-12
0.0006846265
-0.0011992576
-0.00095932337
-0.00037932186
0.0039970586
0.009476203
0.012033847
0.011684331
0.009279552
0.0014038978
-0.0030493385
-0.0029878803
-0.00040466714
0.0027696136
0.0018353481
-0.0010321256
0.0011648339
-0.000634872
-0.0014038389
0.00096102024
0.0022939376
0.0031712689
0.0024950975
0.000711498
-0.0028790154
-0.0017110242
-0.007401812
-0.009089638
-0.0060594436
0.0002606698
0.0008585269
-0.002982175
-0.0073386724
-0.0075369626
-0.008347175
-0.007852709
-0.0043979445
-0.0005198259
7.275958e-12
