1.2732926e-11
0.00078769925
0.0035043424
0.0044203866
0.0016452178
-0.00012973903
0.00012776401
0.0035222895
0.0046891244
0.003410415
0.0024307352
0.0032102098
0.0014484309
-0.00021683477
-0.0005543571
0.0018770142
0.0057488224
0.0053110397
0.004415066
0.0038594378
0.0013792131
-0.00230636
-0.003432027
-0.0021754554
-0.0026333677
-0.003038139
-0.0044233184
-0.0038809322
-0.0025036612
-0.00051828066
0.0019598794
0.0034407713
0.0018511999
-0.003297724
-0.006757159
-0.0070981374
-0.004308
-0.0008954332
-0.0006208527
1.364242e-12
