0.0
0.00067724165
0.0016875705
0.0037868358
0.0040044696
0.0015085181
-0.0022120166
-0.0037086313
-0.004183792
-0.003726122
-0.0033891532
-0.0028378344
-0.0021448045
-0.0033984068
-0.005472092
-0.006582218
-0.0045083594
-0.0017763193
-0.0013052314
-0.0013897332
-0.0016279656
-0.003876508
-0.0052493676
-0.0052320138
-0.0019367154
0.00012929138
0.00083063164
0.0014252183
0.0030394683
0.004013597
0.004175391
0.004553399
0.0058637043
0.008168756
0.007089191
0.0033654287
0.00012507096
-0.0010029018
-0.00018963062
0.0
