0.0
0.0014922764
0.0041155186
0.0049630273
0.006680268
0.0040437393
0.0018222282
0.0011414797
0.0017130326
0.0022053085
0.0022622207
0.001563191
0.00016960748
0.00020693976
-0.0026502497
-0.002827869
-0.00087917666
0.0013903797
0.0018934793
0.00092134246
0.00016177964
-0.0013491727
-0.003527442
-0.0064031486
-0.005330519
-0.0028692198
-0.0034571062
-0.0024698714
-0.0036212846
-0.0035862108
-0.00067487743
0.001581646
0.0016131417
0.001114046
-0.0023932373
-0.005658038
-0.008376319
-0.005468507
-0.0018650738
7.275958e-12
