-7.275958e-12
0.0039431425
0.0031444295
-0.014591219
-0.014882999
0.0002165942
-0.012051282
-0.015959995
-0.018227607
-0.029092379
-0.023830945
-0.014609838
-0.0250295
-0.009389478
-0.006705926
-0.007737875
-0.013382758
-0.013240234
-0.0133643
-0.016078824
-0.015991779
-0.010748985
-0.001355581
-0.010545956
-0.0031496505
0.004242524
0.013906801
0.021049581
0.019913971
0.019213174
0.02875464
0.042106487
0.038717803
0.034940273
0.042754654
0.016160524
0.005770961
-0.0104015395
-0.0022576167
1.0913936e-11
