2.5465852e-11
0.0030102613
0.008605465
0.018513335
0.02017053
0.020089848
0.022094328
0.03648095
0.044358812
0.03476321
0.044790424
0.033161372
0.015224705
-0.0032152697
-0.0039589577
0.0027059894
-0.004087267
-0.018476991
-0.0072274846
-0.0031145066
-0.015173268
-0.013547044
-0.022102658
-0.034234785
-0.017533474
-0.024778668
-0.018474888
-0.015886739
-0.0022926363
-0.012893436
-0.010626536
-0.012942072
-0.013273957
-0.012666284
-0.014473813
-0.0023262154
-0.0034054238
-0.0045366446
-0.0045799683
4.5474735e-12
