1.0913936e-11
0.0021930018
0.0076174415
0.012870026
0.012385956
0.008560951
0.008503518
0.008328295
0.002922846
0.006260512
0.004483916
-0.0017054577
-0.0044624535
-0.0046154596
0.002699826
0.0042826375
0.003743338
0.0021566171
0.006250739
0.003089116
-0.0038426768
-0.002970385
0.003837678
0.0067999507
0.0013286306
-0.006179409
-0.005486712
-0.004325388
-0.010027617
-0.008664447
-0.0076882215
-0.007955577
-0.00599033
-0.009498105
-0.008391095
-0.0012746808
-0.0026478712
-0.005748882
-0.0021980645
1.0913936e-11
