2.728484e-12
0.00042782945
0.0033268956
0.004174479
0.0012141818
-0.0005137459
0.0024786538
-0.004390848
-0.007101849
-0.0040948475
0.001825372
0.0029599527
-0.0015117431
-0.005019076
-0.00481368
-0.0075690113
-0.007911781
-0.0041707247
-0.0023381715
-0.0016855786
-0.0029770895
-0.0032769532
0.0007183673
0.007529919
0.010334075
0.010941487
0.009959781
0.004352567
-0.0034450346
-0.0030132926
-0.00075624895
0.0023203029
-0.00041784008
-0.0020915312
-0.0018400751
-0.0017265021
-0.0029624202
-0.0021708955
-0.0011960672
-1.2732926e-11
