2.728484e-12
0.00068116875
0.0030049537
0.003895956
0.0040000044
0.0036830655
0.0035244527
0.004055438
0.0041624177
0.003706066
0.0034244384
0.0026496935
-0.0010682436
-0.003656811
-0.0043025794
-0.0016578271
0.0014346289
0.004355471
0.003675334
0.0011157667
-0.0027856897
-0.004725787
-0.0053909505
-0.005478217
-0.0043709627
-0.002299827
-0.0018878
-0.0027352457
-0.005025981
-0.0047763577
-0.0034739585
-0.0011054032
-0.00012294127
0.00025729396
-0.00016886397
-0.0027627163
-0.0038167445
-0.0032105485
-0.0010118712
0.0
