0.0
0.0006132369
0.001392197
0.003008271
0.0047961883
0.004996281
0.0034342522
0.00043587782
-0.0005877512
0.0023104106
0.0052113985
0.0063579935
0.006373617
0.006003362
0.0037757277
0.0011546836
3.6744314e-06
0.00057198154
-0.00028857193
-0.0036896898
-0.006717385
-0.006585774
-0.004142126
-0.0005944317
0.00062580174
0.0022166478
0.002942686
-0.00067759585
-0.004423933
-0.004719004
-0.004043388
-0.002156448
0.00039124797
0.0017556953
0.0016583666
-0.0008330024
-0.002854567
-0.0009700614
-0.00057769567
0.0
