0.0
0.00028613003
0.00055183383
-0.0007291602
-0.0022293252
-0.0014685349
0.003216525
0.003038065
0.00184313
0.0003423261
-9.964121e-05
-0.0013096285
-0.0017848087
-0.0056246724
-0.008142221
-0.0035264692
0.0010160415
-0.0007975326
0.00049851416
-0.0024567968
-0.0059617767
-0.009060108
-0.008559632
-0.0048927832
-0.00044364188
0.001952754
0.0015095221
0.002325748
0.0031191711
0.0049729636
0.00929557
0.012042378
0.012426794
0.011089304
0.006339884
-8.0277794e-05
-0.00547869
-0.0019546978
-0.00043618112
7.275958e-12
