9.094947e-12
0.00048808218
0.002237403
0.0059557445
0.0049850405
0.0044735535
0.0035017896
0.00046013572
-0.0032867754
-0.002788683
-0.0025594083
-0.0024617515
-0.0039358577
-0.0042957766
-0.003487714
-0.0012729254
0.0009142364
0.0032748878
0.0026932408
-0.0015755636
-0.0064127976
-0.0073620183
-0.0050503975
-0.0011833786
-0.00046732847
0.0021371
0.0060025454
0.0049671466
0.0020450267
0.00087119226
0.0031275428
0.0056391424
0.004710056
0.0027659845
0.0025970845
0.0015352195
-0.0009235011
-0.0021408764
-0.0010475101
-1.4551915e-11
