3.637979e-12
0.00014765235
0.0006170935
0.0018919797
0.0026446048
0.002840353
0.0025922488
0.004866951
0.0067782286
0.007085931
0.0037178502
0.0004945345
-0.0009599796
-0.0009823331
0.00024898403
0.001678868
0.0036721309
0.0044125826
0.001847824
-0.0017750652
-0.004123797
-0.004142811
-0.0046708332
-0.0039583943
-0.0034477746
-0.0027583283
-0.0029898155
-0.0049563446
-0.0063662087
-0.003979555
-0.0015242109
0.00026955915
0.00046743228
0.00049842225
-0.0012767278
-0.0028815586
-0.0036468685
-0.0015780409
-0.00045641712
0.0
