3.637979e-12
0.00036185325
0.00065334595
5.2765303e-05
-0.0022019318
-0.0022773826
-0.0014337457
7.770705e-05
0.002297835
0.0039831204
0.0036121914
0.0025667562
-0.0003083226
-0.0018933677
-4.3093984e-05
0.0026715233
0.0047965003
0.0057021035
0.005356315
0.0040325304
0.0018341403
0.000718419
0.0013923184
0.0007590719
-0.0016975565
-0.005691605
-0.0067607886
-0.005943751
-0.0037492742
-0.0016955809
0.00013348644
0.0015544742
-0.0002931609
-0.003996107
-0.0063612964
-0.00607342
-0.0041910145
-0.0021488694
-0.00022922011
7.275958e-12
