0.0
0.00057461567
0.0010836131
0.0025848122
0.002204974
-0.0011910972
-0.006389684
-0.008886081
-0.005802793
-0.0011933041
0.0010810347
0.0015337575
0.0050947624
0.005370957
0.002538196
0.0005128662
0.00013893301
0.0028773388
0.0043338942
0.0026978925
0.0017339736
0.0015079138
0.0013896483
4.7401805e-05
-0.0002538498
0.0026063877
0.005995196
0.006303234
0.0041611795
0.0035445401
0.0023651808
-0.001699418
-0.0038166647
-0.0017370182
-0.00029162978
-0.001337577
-0.0020481623
-0.0025807351
-0.0004459323
-3.637979e-12
