1.4551915e-11
0.0017998043
0.0016835561
0.004024359
0.0015382216
-0.0071287816
-0.0053026965
-0.014301031
-0.011454839
-0.0024810066
-0.00013964612
-0.006304117
-0.012261687
-0.007665467
-0.0073699476
-0.010270541
-0.012051966
-0.0053534987
-0.0011353812
-0.009779306
-0.011640321
-0.0037478935
0.0024559824
0.006510186
0.0064690313
0.010279527
0.01814272
0.018654848
0.011370578
0.015756587
0.012962165
0.0072828075
0.0031922092
0.0063591846
0.00890837
0.0056935544
-0.0028187048
-0.0041241143
-0.00095769035
9.094947e-12
