2.2737368e-12
0.00089593534
0.0025093702
0.0050986903
0.0054646176
0.0037250328
0.003046275
0.0017691547
-0.00046076183
-0.0014011685
-0.002166126
-0.002964358
-0.0031668223
-0.0028068663
-0.0026910387
-0.0035550892
-0.0040707407
-0.0038191231
-0.0020837765
0.0007468757
0.0030305148
0.0046915933
0.0044010635
0.002026056
-4.6305766e-05
-0.0028437586
-0.0052831834
-0.0060756803
-0.0052851364
-0.0043622116
-0.0036047935
-0.0018438976
0.0002914599
0.002291788
0.0024301137
0.0012295429
-0.0005500936
-0.00093500345
-0.00053113064
-1.8189894e-12
