-4.5474735e-12
0.0019710972
0.005077284
0.0063168146
-0.002406884
-0.0062929755
-0.004806556
-0.0058352514
-0.010907338
-0.0074316133
-0.008423989
-0.0070075775
-0.006660752
-0.010433909
-0.0059859403
-0.00025031017
-0.0047638956
-0.0045841117
0.002345936
0.011053898
0.013855434
0.012779083
0.009383622
0.011181841
0.0070220446
0.0052743647
0.0075707785
0.0027701815
-0.0027454612
-0.0061251502
-0.0023087598
0.0015908672
0.0036859496
0.0012814428
0.002849189
0.0059000477
-7.885101e-05
-0.0052153366
-0.001982123
-9.094947e-12
