2.237357e-10
0.12587945
0.029325932
0.048222713
0.048684463
0.1292589
0.10546443
0.103527516
0.09965155
0.028237604
-0.009538582
0.13934661
-0.0310582
-0.06472319
0.043885835
-0.100258745
-0.05444035
-0.109269746
-0.012535818
-0.13135557
0.08697512
0.02498386
0.0016863476
0.06598466
0.058288574
-0.049112584
0.03973603
-0.031684645
0.016466457
-0.021962179
-0.08489449
-0.06305804
-0.012086085
-0.035424747
-0.04948683
-0.025700543
0.10334045
0.019881077
0.07644503
-0.021558302
0.08785468
-0.050631553
-0.037252817
-0.02136823
-0.09842153
-0.03772068
-0.15327649
-0.068053156
-0.13649854
-0.13469419
-0.13296464
-0.06653563
-0.112570375
-0.12824288
-0.041756555
-0.048180103
-0.10650495
0.12345314
-0.10847086
1.038643e-09
