9.094947e-12
0.0007307692
0.0019159686
0.0026905292
0.0029728198
0.0031350513
0.002394196
0.00085433526
-0.0013289363
0.0019385354
0.0058604064
0.0071470933
0.0057383687
0.0042969007
0.002869195
0.00097723
-0.0007424679
-0.0020313219
-0.001625034
-0.0023470614
-0.0043686638
-0.0052060517
-0.004031125
0.00038089592
0.0033815145
0.0040335353
0.002678353
-0.00023200503
-0.0025705956
-0.005085411
-0.0041203466
-0.0029882186
-0.0017356819
0.001374065
0.0034701212
0.0024573747
0.0002017757
-0.0014674503
-0.00068255654
0.0
