-1.8189894e-11
0.0021001468
0.002300403
-0.0034933998
-0.009733733
-0.008812527
-0.0043133753
-0.009695894
-0.008830423
-0.005818514
-0.0052231126
-0.0060265223
-0.009441066
-0.002631604
0.0012202573
0.00016165126
-0.0009570597
0.0055640354
0.011271878
0.014918904
0.016922371
0.010027952
0.009605147
0.010127246
0.0045818603
0.0059702103
0.00430924
-0.00047465507
-0.003892494
-0.0037377817
0.0012275977
0.0070480485
0.002272472
0.00085844327
0.0030828253
0.0005661694
-0.004296516
-0.004345821
-0.0024136512
-1.8189894e-11
