6.366463e-12
0.0010425693
0.001394979
-0.00064497144
-0.0014330059
-0.0008640836
-0.0025803726
-0.0055961185
-0.006107323
-0.0024716884
0.00078312424
-0.0008392966
-0.0011408296
-0.0010215832
-0.0015081472
0.00059829094
-0.00037002115
0.0016178353
-0.00032310514
-0.0054192888
-0.009083002
-0.0057690176
-0.00072478363
0.0039416356
0.006368336
0.008596696
0.0062561394
0.000592763
-0.0016586232
0.0029338885
0.0043917294
0.002323699
0.0011380668
0.0018791107
0.00043807217
-0.00033750874
-0.004401132
-0.0032385294
-0.0009220932
1.0913936e-11
