1.8189894e-12
0.0003259558
0.0019665954
0.0052641868
0.0035675052
0.0013362836
0.0018227155
0.0011173559
-0.0020704903
-0.0014521475
-0.001339756
0.0010260921
0.0028145995
0.0032076775
0.0015576114
0.00071457453
-0.004501793
-0.005671175
-0.004490753
0.00012180372
0.0023684734
-0.00010898302
-0.0021609718
-0.0023022736
-0.004906316
-0.005179445
-0.0008967193
-0.0004987986
-0.0020187078
-0.004190931
-0.005699731
-0.00085526763
0.0045987656
0.009387598
0.012003485
0.01152083
0.005248502
-0.0008098896
-0.0004971534
2.728484e-12
