7.275958e-12
0.00046998376
0.00052840775
0.003423743
0.00894703
0.0030855024
0.002769408
-0.0014632151
-0.0028887845
-0.0049379626
-0.0021759598
-0.0012984423
-0.00077443034
-0.00814238
-0.010718338
-0.009740201
-0.010013245
-0.011016636
-0.008454695
-0.009957641
-0.009587195
-0.008565166
-0.009305692
0.0016811278
-0.00045953033
-0.0004179792
0.007462335
0.012628088
0.016109778
0.013881734
0.012267776
0.006934381
0.0059544486
0.005345375
0.0072003854
5.026668e-05
-0.0022593455
-0.0012054001
-0.0014108445
4.5474735e-13
