-8.731149e-11
0.07586163
-0.17014271
0.16277191
-0.1333912
0.0903938
0.11885957
0.093532115
0.14992364
0.073630214
0.09235015
0.116562165
0.05744288
0.014642417
0.13104284
-0.05112236
0.035778224
0.044919357
-0.099065416
-0.07766719
-0.10915426
0.0056640618
-0.15607882
0.1175395
-0.041817315
0.0020230412
0.08638497
0.050611705
-0.02821318
0.034214262
-0.022694275
0.019806996
-0.010742085
-0.09193815
-0.055256587
-0.01378801
-0.0351729
-0.04620612
-0.036250282
0.091034114
0.031600703
0.08068402
-0.008265597
0.058380496
-0.052339416
-0.046555415
-0.020166742
-0.090113916
-0.0072696134
-0.09984197
-0.079413444
-0.14026344
-0.17831384
-0.12031461
-0.086365744
-0.05804849
-0.16685545
0.01949021
-0.108225554
1.8026185e-09
