6.548362e-11
0.028815353
0.03799778
0.024593653
0.053556934
0.02424567
-0.00010592956
0.029685255
0.040361725
0.011240587
0.06490547
-0.012922476
0.042792697
-0.019407999
0.04318583
0.006790734
0.040763788
0.031146407
0.03086071
0.045886204
0.006438913
0.036785863
0.010398453
-0.0069348244
-0.0004079776
-0.0028130086
-0.04489325
-0.043356024
-0.046141736
-0.093189545
-0.059205107
-0.052556645
-0.028231045
-0.0009651212
-0.022363659
-0.043846473
-0.0033425367
-0.015866846
-0.005946484
1.3460522e-10
