1.8189894e-12
0.00035678508
0.0013758951
0.0024963303
0.002643879
0.0027388511
0.004161946
0.006817001
0.008738715
0.007954819
0.0052544335
0.0024028183
0.0016823688
0.0015465069
0.0024279244
0.004185088
0.00609695
0.0056996397
0.0028015699
-0.00026257205
-0.0017165758
-0.0027873006
-0.0032027126
-0.0028679282
-0.0024111816
-0.002925941
-0.0042542736
-0.006213939
-0.00595502
-0.004386979
-0.0022253708
-0.0004272216
-0.00011879322
-0.0012090985
-0.0020070835
-0.0028086652
-0.0019142968
-0.000894905
-5.0804272e-05
1.8189894e-12
