-1.0913936e-11
0.0012479887
0.0039604185
0.0028793642
0.0020245344
0.0007494858
-0.0019871662
-0.0047827326
-0.004234233
-0.0005935759
0.0020289544
0.0012319303
-0.0012134133
-0.0020972702
-0.00452153
-0.0033538567
-0.001404801
-0.0018602214
-0.0019127441
-0.006025816
-0.007665735
-0.0029830565
0.0024711243
0.008072034
0.012316594
0.010666697
0.0058929585
0.0016001449
0.00020164542
0.0036661923
0.003928391
0.0020206333
-0.00069553254
-0.0014357998
-0.0028363978
-0.0030983984
-0.005034405
-0.0041771526
-0.0011502651
1.4551915e-11
