-5.0931703e-11
0.0029772986
0.010612335
0.007973467
0.014674669
0.017046943
0.017439777
0.037501834
0.030254582
0.02133456
0.0389898
0.042973407
0.045418814
0.02792092
0.020387812
0.0011078295
-0.0042256457
-0.001821287
-0.012152841
0.0017899808
-0.010542121
-0.013466143
-0.022074299
-0.023014188
-0.022258086
-0.025517393
-0.040541265
-0.021851413
-0.01641444
-0.026135454
-0.002039141
-0.007948108
-0.013868233
-0.014317864
-0.008417781
-0.010012352
-0.014163582
-0.008375946
-0.0015273261
1.8189894e-11
