6.366463e-11
0.0033940244
0.013491677
0.008129295
0.0056441445
0.010965478
0.024414418
0.029339066
0.037725367
0.030031234
0.031798013
0.025194557
0.009384804
0.009746783
0.007095319
0.0025133672
-0.003925463
0.002541424
-0.0071592233
0.0025091916
-0.01598892
-0.021702213
-0.01133934
-0.019271113
-0.01841382
-0.018206988
-0.0143464655
-0.002487395
-0.010705769
-0.022954026
-0.010532312
-0.0038206945
-0.007144158
-0.011552427
-0.012985364
-0.01534601
-0.016885549
-0.010685353
-0.0050444114
2.3646862e-11
