9.094947e-13
0.00036016255
0.00058490684
-0.0029275303
-0.004168651
-0.0051591923
-0.006331627
-0.0063310517
-0.002427051
0.0003304719
9.982822e-05
-0.0003061155
-0.0024755832
0.0028073783
0.008545441
0.010219727
0.012064111
0.011784744
0.0056569036
-0.0009828211
-0.0036448906
-0.0013209227
0.0017322424
0.00062023266
-0.002137517
-0.0015067237
1.0504649e-05
-0.0011764932
-0.0028980174
9.263458e-06
0.0033190404
0.0044005075
0.0036057904
0.002030433
0.0038583232
-0.00023288047
-0.0057130004
-0.005037015
-0.0009977618
1.8189894e-12
