2.2737368e-13
0.0009933115
0.0018865878
0.0017348074
0.0023524817
0.0031761823
0.0037501226
0.0033185415
0.003099502
0.0046748444
0.0048002936
0.0017655472
-0.002244017
-0.0037166914
-0.0020486831
0.00055830023
0.0025892598
0.0049383417
0.0043135313
0.0015945336
-0.0022630563
-0.0034480914
-0.003840072
-0.0034843346
-0.0025406098
-0.0023368942
-0.0022568507
-0.0034978883
-0.005884731
-0.0057402095
-0.0032804224
-0.0010403853
-0.0009100548
-0.0009636959
-0.002388517
-0.003925192
-0.0050899074
-0.0035472037
-0.00071147655
5.456968e-12
