-9.094947e-13
0.0013219588
0.004964441
0.0021541503
5.2198593e-05
-0.0032282365
-0.0041770306
-0.0047731786
-0.0059018345
-0.009045637
-0.0072145835
-0.0037694476
-0.0037941625
-0.0069125127
-0.0054388233
-0.0061932406
-0.008460369
-0.007257284
-0.0017383718
0.004927937
0.0076549836
0.002975766
0.00423964
0.006995068
0.009945534
0.010446981
0.0047339634
0.003274786
0.0012619295
-0.004948832
-0.0073733926
5.5782817e-05
0.0017203502
0.0021160212
0.0034132707
0.0018090158
0.00095512974
-0.0009625805
-0.0015164401
1.0913936e-11
