7.275958e-12
0.0038298438
0.0071636396
0.01540915
0.017559685
0.02042979
0.022946104
0.040284913
0.0350557
0.048206925
0.04833618
0.027312085
0.009654633
0.015345971
-0.0013076367
0.004839737
-0.005553594
-0.007898742
-0.0021529917
-0.0087171
-0.0033306484
-0.01696491
-0.026266105
-0.024918247
-0.019866329
-0.019486602
-0.021784946
-0.0058569848
-0.015035762
-0.008304957
-0.011607569
-0.022145825
-0.016120996
-0.017320862
-0.008156277
-0.012600428
-0.013993703
-0.010391459
-0.0046936464
-4.0017767e-11
