-3.6379788e-11
0.0027018834
0.0024683871
0.016071338
0.016690211
0.022443686
0.024410062
0.034767415
0.03628833
0.058354862
0.036993884
0.030765355
0.017768225
0.010635279
0.0005281736
0.000650679
-0.0068922252
-0.008715711
-0.005808345
-0.00730866
-0.0070608733
-0.01953788
-0.025803648
-0.02550363
-0.01662966
-0.021441828
-0.016750047
-0.010428261
-0.012698778
-0.0053078197
-0.022879506
-0.02061912
-0.013000868
-0.014420002
-0.011402949
-0.017745094
-0.018601723
-0.0018737485
-0.0034857409
-6.366463e-12
