3.092282e-11
0.0034250636
0.017223965
0.015592651
0.0065786038
0.018510683
0.02866134
0.037257474
0.04280713
0.03518115
0.036622547
0.02425059
0.015034678
0.0074699987
0.0081402045
0.0012218193
-0.0030006906
-0.0028613014
-0.003945267
-0.0019850526
-0.017265223
-0.022946337
-0.020021254
-0.015278786
-0.02690489
-0.018966392
-0.016102392
-0.008056302
-0.010306376
-0.0231509
-0.017582491
-0.006248774
-0.007814707
-0.013794591
-0.019517785
-0.012582851
-0.016018547
-0.008098494
-0.0066387644
-6.548362e-11
