0.0
0.00067570433
0.0012363892
-0.0024112314
-0.003119169
-0.00057728915
0.001296044
0.0035025354
0.0016370488
0.002143653
0.0019494209
-0.0035215095
-0.0076887533
-0.004918289
-0.0014143435
0.0025310703
0.000304073
-0.0027585863
-0.0034436584
-0.0054723965
-0.006288287
-0.0054614213
-0.0010064555
-0.00083763484
-0.0027583323
-0.0038591097
-0.00091429474
0.0051683383
0.009329243
0.012109214
0.013405515
0.008533089
0.0014389395
-0.0019504233
-0.00026583567
0.0034386076
0.0026009416
-0.0020376532
-0.0006675586
9.094947e-13
