-2.728484e-12
0.0009929852
0.0033306435
0.0048288684
0.0018789463
-0.0032209815
-0.0063409163
-0.0071313507
-0.00668901
-0.0070027993
-0.0047800858
-0.0024098973
-0.0023784563
-0.0042414954
-0.0061641005
-0.0051556383
-0.0024875188
-0.00033139618
0.00033621266
0.001733102
0.001216545
-0.0013246236
-0.0029389365
-0.00017309451
0.0032371213
0.0052726604
0.0052951253
0.00450268
0.0047092913
0.0038765972
0.0038596764
0.004932048
0.003964568
0.0027066665
-0.00031762058
-0.002273455
-0.0035428943
-0.0025124645
-0.0012801295
-1.0004442e-11
