3.637979e-12
0.0009211171
0.0020462836
0.0017287963
0.0021128377
0.003399487
0.0035738493
0.0032899363
0.0034602433
0.0056855134
0.0060253665
0.0030865003
-0.0010753087
-0.0020044365
-0.0006450781
0.0011032498
0.0037289215
0.005642182
0.004972135
0.0019828454
-0.0020913954
-0.0030669225
-0.00385604
-0.0036839203
-0.0029982375
-0.0029998922
-0.0027353833
-0.0048660585
-0.006877312
-0.0059994534
-0.0030686555
-0.0014627978
-0.0013813374
-0.002102385
-0.003123025
-0.005340548
-0.005402244
-0.0028460412
-0.00045769932
0.0
