3.637979e-12
0.0013259752
0.0056631165
0.010425171
0.010423293
0.0106868325
0.00713683
-0.0014392069
-0.0035100963
-0.0025666333
0.0019171908
0.00106283
-0.0017009765
-0.0020925915
-0.0013755786
-0.0025220215
-0.0025792408
-0.00194281
0.001407962
0.0031346718
0.0018004165
-0.0013893868
0.00129334
-0.0021660607
-0.0072460165
-0.0074257106
-0.0011986141
0.002884771
0.0020673967
-0.0023247432
-0.0029205494
-0.0038231416
-0.0059209475
-0.0047769938
-0.0013071065
0.00037768992
0.00045438326
-0.0012149432
-0.0009369404
0.0
