1.4551915e-11
0.0005005547
0.0026585273
0.0025583955
0.002810059
0.0019122534
-0.0020783418
-0.0058875503
-0.005682038
-0.0010667456
0.002214662
0.0027562499
-0.00048011454
-0.0014757407
-0.0021278244
-0.0045982674
-0.002947136
0.0011130847
-0.00016205618
-0.0018158453
-0.0041166274
-0.0028030837
0.002666764
0.007187036
0.010109303
0.012017896
0.0068325275
0.0015132993
-0.004236305
-0.000984703
0.0021823996
0.0006329011
-0.002063226
-0.00088114204
-0.0007161566
-0.0033992794
-0.0034645705
-0.0019675314
-0.00088051974
9.094947e-13
