6.4574124e-11
0.037128918
-0.08903942
-0.08504514
-0.10266733
0.008029863
-0.15897244
0.12974417
-0.06358806
-0.0008498207
0.09368466
0.049236007
-0.027074557
0.034977183
-0.027545713
0.01827959
-0.038402
-0.060635604
-0.09936295
-0.017408684
-0.00091241393
-0.037331957
-0.07075429
0.03215051
0.036264487
0.076237075
0.039049078
-0.013491133
0.017495403
-0.062137928
-0.08987503
-0.05661113
-0.06518703
-0.0878657
-0.058125563
-0.023463648
-0.16671707
-0.098067865
-0.14655189
-0.07795832
-0.06733662
-0.04829318
-0.102417305
0.058880188
-0.032015387
-0.003712453
0.15894045
0.01700153
0.06529453
0.14133717
0.044709958
0.21435457
0.061363243
0.116629146
0.08495845
0.0499233
0.1312669
-0.011976343
0.014385044
-5.1159077e-13
