1.8189894e-12
0.0027331645
0.005953711
0.018139424
0.022496969
0.016094018
0.024890168
0.031628422
0.04511399
0.033446237
0.040724836
0.03506807
0.009437019
-0.00024562096
-0.008137626
0.004843911
-0.004231793
-0.019574288
-0.0060276818
-0.004877218
-0.017280215
-0.014735622
-0.02486126
-0.03164861
-0.015977288
-0.023464693
-0.017564582
-0.010117235
-0.00413322
-0.010255759
-0.014073445
-0.010823749
-0.015304308
-0.01463119
-0.015700629
-0.0029158015
-0.0070407754
-0.009186653
-0.0011589744
2.5465852e-11
