2.5465852e-11
0.0021650621
0.0014002506
0.003571989
0.006339323
0.012321409
0.015749447
0.013351996
0.012412049
0.007891965
0.0058236164
0.0038487937
0.0058168205
0.0079944935
-0.0023274568
-0.0012532277
0.0017813102
0.0030111484
0.004278321
0.0053455494
0.0004636529
-0.001414819
-0.005072242
-0.0058624637
-0.0018067484
-0.0006879653
-0.00089263875
-0.0018514087
-0.008070458
-0.0078532025
-0.008690212
-0.008910236
-0.0090799015
-0.0052367495
-0.011227062
-0.008734004
-0.00794777
-0.00547072
-0.0012731628
-1.4551915e-11
