-1.4551915e-11
0.0033627485
0.0040896065
-0.015551467
-0.021412836
0.009107093
-0.011785251
0.004716691
-0.0021887785
0.015303027
0.028057318
0.038692135
0.024649953
0.040411927
0.047369104
0.038815457
0.054042302
0.04214426
0.035055675
0.038612697
0.02212775
0.028815262
-0.012240168
-0.015572825
-0.018358635
-0.012778504
-0.020702396
-0.016027138
-0.029623259
-0.041755803
-0.03871724
-0.04463598
-0.05128639
-0.03154612
-0.02695956
-0.036779504
-0.027472628
-0.011758749
-0.003127524
3.6379788e-11
