9.094947e-13
0.0007979154
0.0023508833
0.0028635808
0.0018254794
-0.0003908628
-0.0009299623
-0.002968221
-0.007412903
-0.009596923
-0.006369641
-0.002218034
-0.0011263159
-0.001076671
-0.006253137
-0.009806201
-0.00834543
-0.00790918
-0.0030528486
0.0011246467
0.0021546273
0.0017766173
0.0034777243
0.0048700646
0.011192929
0.012921949
0.012381559
0.010408771
0.0019986758
-0.004994859
-0.0037596116
-0.0021479968
-0.00019509837
0.0006520451
-0.0009734722
-0.0005325802
-0.0018400671
-0.0028793216
-0.00041389078
7.275958e-12
