-1.8189894e-12
0.0039047473
0.0008998355
-0.01114974
-0.001750417
-0.007338293
-0.0040455014
-0.012213748
-0.0229108
-0.027893417
-0.020135267
-0.018599689
-0.023816023
-0.008421249
-0.01315297
-0.010705987
-0.008762471
-0.02168721
-0.016854908
-0.018036433
-0.009832558
-0.010850901
-0.014508065
-0.01188039
-0.0023142358
0.0052463654
0.014055026
0.01766675
0.020394878
0.021010324
0.033982676
0.036100667
0.04013957
0.048801485
0.033706415
0.006254189
0.017205928
-0.0035126957
-0.0018959243
9.094947e-13
