0.0
0.0019108562
0.0068594012
0.009086735
0.0042029135
0.0058824844
0.0058995066
0.0104725305
0.00982165
0.006121812
0.0009300438
0.00024104741
-0.004033515
-0.006026349
-0.0013278066
0.0029696668
0.0028301566
0.0024976204
0.0016038092
-0.0013632441
-0.0024815486
-0.0018483533
0.0035268688
0.003756128
-0.0026195901
-0.0032518087
-0.0050640814
-0.0067739002
-0.005448684
-0.009139021
-0.006883043
-0.0045014955
-0.004083949
-0.0056166695
-0.004155561
-0.004854572
-0.00528379
-0.005191403
-0.0021035355
5.456968e-12
