7.275958e-12
0.00091743714
0.0016747832
6.0739752e-05
-0.0019021339
-0.0023050793
0.00019215723
0.0022592982
0.0032012118
0.0029372908
0.002807988
0.0019125169
0.0004937877
-0.001883008
-0.00040664262
0.004307283
0.00581818
0.0045526098
0.003598711
0.0016534083
0.0002669194
-0.0013559405
-0.0023806787
-0.0022322987
-0.0022361255
-0.0045482274
-0.005180722
-0.0034308413
0.0004463971
0.0034637607
0.0032983993
0.0015249143
-0.0022606116
-0.004679632
-0.006690138
-0.005285068
-0.004524182
-0.0030650469
-0.00059795013
5.456968e-12
