2.3192115e-11
0.03571409
0.0328321
0.06445603
0.055710282
-0.015619487
0.053026903
0.13876921
0.055638984
0.08827938
0.14200418
0.17270745
0.14456183
0.112354465
0.11031848
0.12950172
0.04558115
0.042190693
0.10645449
0.13974893
0.06830126
0.079172924
0.1295629
0.07458515
0.073856644
0.057952322
0.14942588
0.15178412
0.100673966
0.10986277
0.014887409
0.046173576
0.027357558
0.00033987127
-0.023760213
-0.04232379
-0.12310214
-0.14529124
-0.16203935
-0.18846896
-0.24798124
-0.15747067
-0.18379486
-0.2028751
-0.1905525
-0.14074185
-0.115542635
-0.12656453
-0.120140776
-0.1850031
-0.1514421
-0.15422906
-0.12957598
-0.10074927
-0.07802615
-0.030782629
-0.09191741
-0.079437405
0.012545451
-2.9831426e-10
