9.094947e-12
0.01027467
-0.0005647652
-0.01295637
-0.017226083
-0.004136308
0.0036634596
-0.0048513217
0.008366369
-0.0007505538
0.033020847
0.030856077
0.035197742
0.028866725
0.048916176
0.046852045
0.043472487
0.055399686
0.039809488
0.040274944
0.03522752
0.02581109
0.014368717
-0.01849018
-0.01242519
-0.00945958
-0.017219521
-0.022213995
-0.017880598
-0.046682194
-0.048144355
-0.039901417
-0.056982875
-0.039070945
-0.03062873
-0.029949468
-0.031511407
-0.021573402
-0.011073696
-1.2369128e-10
