1.364242e-12
0.00046835747
-0.00026522577
-0.0027086465
-0.0046002436
-0.004033445
-0.00063229224
0.0005755655
0.0012056321
0.0019192309
0.0009980698
-0.0011668504
-0.0031467997
-0.0008454347
0.002814788
0.0052807042
0.00551066
0.004362751
0.00465428
0.004157861
0.00394643
0.004226338
0.003376352
0.0014614805
-0.0012563289
-0.003821799
-0.0036044298
-0.0025322936
-0.0011846609
0.0021348028
0.0043654027
0.0017439114
-0.0029207221
-0.0063816956
-0.0056520933
-0.0045282845
-0.003938226
-0.0023136868
-0.00058629835
-3.637979e-12
