2.728484e-12
0.00047344284
0.001306596
0.004922051
0.005103299
0.003634699
0.0015682739
-0.00025790173
-0.003641766
-0.005189953
-0.0032473472
-0.0021119607
-0.0023815753
-0.003935108
-0.0038766207
-2.8766808e-06
0.002117649
0.0024886297
0.002185315
-0.00025943283
-0.006157589
-0.0073227547
-0.004354232
0.0016540416
0.0043152203
0.005181671
0.007217872
0.0055927574
0.0026659372
0.0014099366
0.002802774
0.0034496658
0.0034127368
0.0007931526
0.0011340422
-0.0020575416
-0.00238184
-0.003024092
-0.0008457677
0.0
