1.4551915e-11
0.0005868706
0.0015889306
0.00090646115
0.0010779456
-0.0022391183
-0.005798274
-0.0059322603
-0.0047353758
-0.0025184762
-0.00036399043
0.0013633992
0.0021125798
-0.000345073
-0.0024315233
-0.001965913
0.0010715951
0.0016713038
0.0025648926
0.002939463
0.0035557067
0.0018297182
-0.0014965668
-0.002885756
0.0009863899
0.0044918926
0.004412251
0.004183525
0.0042515756
0.0024553905
0.000532439
-0.0010415172
-0.00076094887
6.2575506e-05
-0.0024837833
-0.0053639193
-0.0055957143
-0.0034526736
-0.0008240586
-2.728484e-12
