3.6379788e-11
0.0018983036
0.005875238
0.010571802
0.012405338
0.008042896
0.004078578
-0.00021496444
0.0020030667
0.0039044884
0.0037336112
0.0004314513
-0.0007863997
-0.0020510633
-0.0028692982
-0.0036026062
-0.005356224
-0.0030342233
0.0016762643
0.00024582964
-0.00014971159
-0.0009868157
-0.0032084892
-0.0051873457
-0.005005523
-0.002191183
0.0016709919
0.001107694
-0.00042415565
-0.0016091203
-0.0032869787
-0.0035645447
-0.0011651343
-0.0012911261
-0.00054549903
-0.003860597
-0.0067609344
-0.005450549
-0.0017679349
-1.0913936e-11
