2.5465852e-10
0.045157343
-0.050357595
-0.005815851
0.038399402
-0.14121562
-0.015184535
-0.0387507
-0.081841916
0.003436652
-0.018581223
-0.029476563
-0.065242976
-0.018952254
-0.12188325
-0.048773516
-0.14619292
-0.07912283
-0.050081342
-0.0749896
-0.12555103
-0.114627555
-0.19853918
-0.08911288
-0.096197546
-0.17676954
-0.08340098
-0.097857736
-0.008210325
-0.011686178
-0.07280476
0.07837124
-0.0075035105
0.071612515
-0.032989476
0.10450161
0.08197786
0.09865114
0.079014756
0.11429621
0.07295767
0.17884476
0.09828358
0.058841266
0.09381734
0.094207525
0.034820072
0.07277852
0.08696466
0.07671866
0.14310671
0.08258043
0.10872454
0.08899656
0.0048471186
0.100822024
0.007182764
-0.010700553
-0.02038127
-5.2386895e-10
