-1.1368684e-09
0.04528782
-0.044361204
-0.022916187
-0.011711974
-0.06027667
-0.027825365
-0.024376163
-0.0523681
0.038540334
-0.033139978
-0.07420946
0.034025896
0.034402695
0.104412094
0.015590047
-0.0010288018
-0.013558025
-0.06119415
-0.034836613
-0.08196222
0.003260916
-0.09590085
-0.08088226
-0.1388323
-0.17283708
-0.124175504
-0.07213971
-0.08522321
-0.1448825
-0.03391007
-0.033713326
-0.08454361
0.055301223
0.013124684
-0.01240175
0.16084616
0.013131773
0.067562595
0.15367398
0.07806409
0.19285887
0.036910616
0.14724836
0.025048114
0.167079
0.065647505
0.05027259
-0.005923724
0.0046178284
-0.009832535
0.019117735
-0.0005807411
0.04859429
0.051825248
0.07061727
0.09225156
0.09514531
-0.0011534663
2.55568e-10
