1.8189894e-12
0.0014506462
0.0046994686
0.006417858
0.0060873637
0.0033586354
7.5597396e-05
0.00043495971
0.0026418844
0.0027072188
0.0017819415
0.0023238559
0.0011612606
0.0007228351
-0.0015898417
-0.0021938689
0.001002759
0.0026208386
0.0029739952
0.0013777264
0.0009116923
0.0007321859
-0.0024383785
-0.0051772385
-0.0037645777
-0.0007028049
-0.0014311319
-0.0013082337
-0.001591315
-0.0012721975
-0.00033934502
0.0016592034
0.0027474198
0.0013331624
-0.0018023996
-0.006108177
-0.007185812
-0.005025998
-0.00170702
-1.4551915e-11
