3.637979e-12
0.0008183465
0.0035108267
0.005401856
0.00399552
0.0027812568
0.0012866952
-0.00021011103
-0.002027883
-0.003041452
-0.0017809151
-0.0027168249
-0.004256866
-0.0055249175
-0.003291818
0.00083358993
0.0035541905
0.004101462
0.0018328317
-0.0008755144
-0.0034259786
-0.0054245363
-0.003440331
-0.0030399763
-0.0009396487
0.0021170874
0.0024690642
0.0009675574
-0.0016633419
-0.0022709826
-0.00026082623
0.0023850428
0.0029381556
0.0026799988
0.0023276643
0.0022605523
-9.555905e-05
-0.0020939307
-0.0010436369
2.728484e-12
