2.2737368e-12
0.00068275264
0.00071841554
-0.0028206273
-0.008883153
-0.010527163
-0.009049664
-0.0070561785
-0.010126332
-0.012376405
-0.012011767
-0.006096342
-0.0035598446
-0.0061037974
-0.012226656
-0.0119429575
-0.006246904
-0.0009963429
0.002964297
0.006026646
0.004579695
0.0080870595
0.013845471
0.016206611
0.016991742
0.0109902965
0.01176319
0.013407666
0.009934051
0.0061838096
0.0018128261
0.003090423
0.006063045
0.006853996
0.0063743964
-0.0014171436
-0.00417012
-0.002801927
-0.0012676495
1.4551915e-11
