1.8189894e-11
0.0035456074
0.015513849
0.014045944
0.0017709751
0.01695988
0.029023806
0.03717985
0.038291868
0.033622496
0.027770855
0.022324555
0.0069201794
0.008020571
0.0049503213
-0.0024427956
0.0008838438
-0.0033898533
-0.0020399848
0.0026026592
-0.016809735
-0.021844324
-0.014299443
-0.01283679
-0.022113556
-0.014489418
-0.01487568
-0.0016288331
-0.012585534
-0.019712372
-0.016486488
-0.010262729
-0.0062235277
-0.011093745
-0.022081563
-0.012199821
-0.0074635246
-0.007217766
-0.0021527435
5.638867e-11
