-1.8189894e-12
0.0020046015
0.0027406942
0.0028280923
0.003828067
0.0018356717
-7.651563e-05
-0.0017996628
-0.0013299268
0.0048979605
0.0022968159
0.00024270208
-0.0031709634
-0.004169554
-0.0047953865
-0.0058649885
-0.009062475
-0.00717864
-0.0037197692
-0.0038797618
-0.0069660833
-0.0054516057
-0.0062983967
-0.008681807
-0.006757461
-0.0013567522
0.0056980285
0.0072059236
0.0026740776
0.004623877
0.007618796
0.010147465
0.010258535
0.0036388384
0.0036482327
-7.478858e-05
-0.005990277
-0.006229172
-0.0011769955
-3.637979e-12
