0.0
0.0008638459
0.0025240388
0.0039608534
0.0008843894
-0.0018506369
-0.003771924
-0.010209898
-0.013399714
-0.006990437
-0.0028283927
-0.005945266
-0.00712605
-0.010102831
-0.007863543
-0.009259972
-0.01079704
-0.00716288
-0.0049436605
-0.0045728628
-0.011620017
-0.0075052795
-0.0028229603
0.0010542445
0.0030911714
0.0031195935
0.009554697
0.011960144
0.013539408
0.014302222
0.013905655
0.006736923
0.006296089
0.0033013234
0.0039136503
0.0080007445
0.0022901862
-0.0037794416
-0.0015731845
-8.185452e-12
