2.1827873e-11
0.002194184
0.007735895
0.008678251
0.0044905404
0.004766339
0.009623151
0.011666575
0.01065333
0.0070744404
0.0076809926
0.0017742722
-0.0052676224
-0.0053530782
-0.00023711918
0.0014432673
0.0013046429
0.0043101436
0.0006698092
0.0012809385
-0.0018434394
-0.00029952877
0.004535282
0.00452197
0.0004992205
-0.0012989927
-0.0025943932
-0.0017262504
-0.005024694
-0.008843737
-0.0044243475
0.0006584516
-0.0034382273
-0.0032447143
-0.004723451
-0.0061656856
-0.0088619515
-0.006263382
-0.0025887515
2.0008883e-11
