3.637979e-12
0.0012985589
0.0018544311
0.0016324525
0.002800039
0.0038214342
0.0072980155
0.012048109
0.012113772
0.011828551
0.006743651
-0.00013622665
-0.0057950346
-0.0012139
0.0001806441
0.0015134444
0.0016747331
0.0020415257
0.0015374398
-0.00047438318
-0.0008562873
0.003879047
0.004413412
0.00361596
0.0013968574
0.0008288288
-0.0013664907
-0.0024541311
-0.008565374
-0.008028084
-0.0016833956
-0.0013927924
-0.0005249349
-0.001727602
-0.006125975
-0.009267866
-0.008594435
-0.004518485
-0.002056271
-2.1827873e-11
