7.275958e-12
0.0021707823
0.0047979853
0.0016517985
-0.0006548421
-0.0020558182
-0.0022267213
-0.0035204226
-0.0072437413
-0.009132084
-0.003436615
0.0002551437
-0.0013618077
-0.0028417222
-0.0047232406
-0.007398399
-0.010410379
-0.008371217
2.3864442e-05
0.0040150927
0.0016847821
0.0014848612
0.0052463887
0.007136086
0.009708337
0.012919411
0.011123784
0.008828405
0.0017866674
-0.0053776577
-0.0048908214
-0.00047624524
0.0006869758
0.002174934
0.0010603773
0.0014889762
0.0012382378
-0.0029069535
-0.001819806
2.728484e-12
