0.0
0.0017173716
0.0056259474
0.009837004
0.012231371
0.011052776
0.0045099226
-0.00096269336
-0.00024328602
0.0030944122
0.0034575372
0.00018725834
-4.6161622e-05
0.00014984317
-0.0024385704
-0.0031037321
-0.0020009265
-0.0011708235
0.0020111157
0.0038833867
0.0023180062
0.0025024395
-0.0014407276
-0.004423354
-0.0047921482
-0.0016649703
0.0024069538
0.0024758354
-0.00080165267
-0.0014738038
-0.0031908383
-0.005276611
-0.0039655566
-0.000327761
-0.0018989895
-0.0022390569
-0.0057793586
-0.0047691483
-0.0019040079
-9.094947e-12
