3.637979e-12
0.0009975336
0.0024967634
0.0027898257
0.0038348385
0.0042250287
0.0041201306
0.001410251
-0.0005313776
0.0018138915
0.0072279517
0.0069348845
0.006061374
0.0051147854
0.0032489847
0.00054973265
-0.0022196495
-0.0025078582
-0.0025052365
-0.0044641015
-0.0077802315
-0.008940284
-0.006812649
-0.0026694168
-0.0002703427
0.0003789669
-0.0005898074
-0.0015687627
-0.005102199
-0.0068940427
-0.0059442692
-0.0042613675
-0.0023551239
0.0005468081
0.001226974
0.0012322422
-0.0012905686
-0.0026221108
-0.0009346394
0.0
