3.6379788e-10
0.020504603
0.012269863
-0.037444253
-0.023570761
-0.065699525
-0.053183876
-0.054155283
-0.048499465
-0.12405088
-0.08502385
-0.098173566
-0.06590474
-0.088714324
-0.05040169
-0.07611259
-0.043393746
-0.08785592
-0.008832203
-0.07545671
-0.0064404346
-0.12027048
-0.03602292
-0.07839014
-0.05611676
-0.049761824
-0.08092063
0.005193547
-0.02794481
-0.0054730875
-0.02476659
-0.004409631
-0.038567107
-0.013046216
-0.031754225
-0.018435005
0.011029845
-0.016690634
-0.015466485
-9.094947e-11
