1.8189894e-12
0.0010256459
0.004095152
0.004695696
-0.0012071562
-0.0024844315
-0.002470906
-0.0040883403
-0.00674286
-0.010456494
-0.004348643
-0.00016682284
-0.0013779164
-0.0028691723
-0.0031354958
-0.006661277
-0.0071269367
-0.007329038
0.0003563806
0.00708885
0.0043582213
0.0008681447
0.006785715
0.007112477
0.010679287
0.010198982
0.010857627
0.007975616
0.001026856
-0.00566723
-0.005229931
-0.00053186796
0.000746951
0.0021431688
0.0020928634
0.0015703313
0.0014541128
-0.0022560377
-0.0009232053
0.0
