1.8189894e-12
0.00038774102
0.0023444355
0.0055000377
0.007500368
0.007418026
0.006141045
0.004550498
0.0036627525
0.0037749286
0.0028439786
-0.00030843914
-0.0027830736
-0.005492791
-0.0050891913
-0.0032250516
-0.0006255349
0.0014127607
0.0033445135
0.0016483974
-0.0025981274
-0.005650604
-0.0050409785
-0.0025041746
-0.00051456795
0.00021821025
0.0010994154
0.00031684234
-0.0021836804
-0.0036604947
-0.0031674844
-0.00052748586
0.0020467248
0.0015936182
0.0016495982
-5.8980077e-06
-0.0026133494
-0.0028337652
-0.0010208396
0.0
