-1.0004442e-11
0.00095969276
0.0026122294
0.0027770088
0.0028705972
0.0030003693
-0.0006640329
-0.004559257
-0.004770815
-0.0006615086
0.003437284
0.0034931717
0.000570411
-0.0014191216
-0.002121906
-0.00472577
-0.0047206106
-0.0007930475
-0.00036244112
-0.0026254365
-0.0045669386
-0.004156645
0.0009621293
0.00629609
0.009598008
0.012308079
0.009858458
0.003562796
-0.001431975
-0.0011776589
0.0036900504
0.003205835
-0.00062046887
-0.00019324328
0.00019709021
-0.0018432799
-0.0039205626
-0.0016760145
-0.00086073217
1.4551915e-11
