9.094947e-12
0.00050926337
0.0009540314
-5.6014687e-05
-0.002023408
-0.0023541737
0.00021983037
0.003095126
0.0036830017
0.0040166285
0.004721382
0.004303623
0.0025309809
-0.00022403017
-0.00021319016
0.0044023506
0.0070710294
0.0061339014
0.0046536727
0.004227535
0.002022188
0.00021006961
-0.0017026074
-0.0018224751
-0.0015281846
-0.0037464101
-0.0062470185
-0.0064505525
-0.004134117
-8.717843e-05
0.0023904187
0.0026131799
0.001622189
0.00019660749
-0.0026016678
-0.0046415613
-0.0034658564
-0.0023728258
-0.00070161506
9.094947e-13
