1.0913936e-11
0.0010064864
0.003672214
0.0053619547
0.0041045165
0.0042584804
0.0030376296
0.00076996273
-0.0018468822
-0.0021987408
-0.0016708141
-0.0027807923
-0.006232985
-0.0073660645
-0.0058792825
-0.0019867513
0.00084608694
0.0013807146
0.0011475132
0.00036588032
-0.0039780787
-0.0062187742
-0.0053715464
-0.0039723064
-0.0014045798
0.00026249856
0.0022997183
0.00096302264
-0.0017410186
-0.0028247281
-0.00014947694
0.0014099156
0.0022071132
0.0028827537
0.0033508954
0.0030100574
-0.00046832737
-0.0029755086
-0.00147769
1.1368684e-12
