1.8189894e-12
0.00090385426
0.002006057
-0.0011407931
-0.00307869
-0.0020950483
-0.0023936136
-0.004155944
-0.0046284823
-0.0015731766
0.0014558863
0.0005400938
-0.0013933718
-7.4272335e-05
-0.0011263376
-0.006383069
-0.009753806
-0.003807982
0.0005693082
0.0017017351
-0.0018002882
-0.003963538
-0.004763577
-0.006648345
-0.0075041186
-0.00472333
-0.0018157908
-0.0017537011
-0.0027117739
-0.0033802395
-0.0004298581
0.007933105
0.00895596
0.0117387185
0.011462864
0.0065470957
-0.0008326026
-0.002154213
-0.0012549162
1.4551915e-11
