3.637979e-12
0.0015431301
0.002847638
0.0032046994
0.00066620833
-0.003584369
-0.006794799
-0.006691071
-0.0042019547
-0.0025462494
-0.0013299942
0.0022799477
0.004942688
0.0033646494
5.2372186e-05
4.877837e-05
0.002546091
0.004507884
0.004479187
0.0031480216
0.0038732253
0.0022161114
-3.3851335e-05
-0.0015156501
-0.0009408383
0.0020875994
0.0037854598
0.0035948805
0.0023885525
0.00087482616
-0.0021181842
-0.003072796
-0.0031855484
-0.002799315
-0.0025835964
-0.0029630149
-0.0029927196
-0.0022654766
-0.0010694113
0.0
