3.637979e-12
0.0011818933
0.0029166695
0.00440255
0.002529575
-0.0010895669
-0.0044145407
-0.0053979782
-0.0056707887
-0.0053985054
-0.0031877726
-0.0016058758
-0.0012925762
-0.0024014013
-0.0038294229
-0.0028375038
-0.00087415014
0.0009357991
0.0021353923
0.002424469
0.0012850133
-0.0015413733
-0.0023815918
-0.0010450621
0.0019816991
0.0038169143
0.0040133875
0.0037912987
0.0035845623
0.0037527937
0.004260203
0.003925637
0.0034425794
0.0032039613
0.0006647798
-0.002896232
-0.0041918918
-0.0033916212
-0.00081863586
9.094947e-13
