2.728484e-12
0.0008719241
0.0013530911
0.0019808002
0.00025733956
-0.003031751
-0.00667071
-0.008007954
-0.004439542
0.0016387424
0.0046430845
0.006148457
0.007093671
0.0049378676
0.0021505277
0.0011993619
0.0019640373
0.001993409
0.0023281402
0.0016945233
7.053856e-05
0.000203384
-0.0023638653
-0.0027334976
-0.0009589294
0.0013014216
0.0019564515
0.0010224992
0.00054534886
-0.0012778533
-0.0024233852
-0.0062327133
-0.0047621187
-0.0026461906
-0.0023268503
-0.0016294275
-0.0022114352
-0.0026855618
-0.0007467063
5.456968e-12
