-1.6370905e-11
0.001237588
0.0061512627
0.0043024165
0.008797642
0.015008874
0.018152285
0.010803145
0.012550356
0.0124824215
0.0070380336
0.0011895199
0.0043191984
0.006649545
0.0073327124
-0.0027266487
-0.004078413
-0.0009945575
0.0023442868
0.002902879
0.0035590278
-0.005807342
-0.005633888
-0.011414361
-0.013928417
-0.0049197674
0.00066483393
-0.004421018
-0.0110233575
-0.009821428
-0.0067845043
-0.00899488
-0.012274943
-0.008495225
-0.0008924694
-0.006693814
-0.011946544
-0.0076035606
-0.0015009769
6.8212103e-12
