4.5474735e-12
0.0009995855
0.0024122573
0.0037954375
0.006504653
0.0043760063
0.0017741298
0.0019646382
0.003407487
0.0051654726
0.0043119704
0.0027789893
0.0020611233
0.0013315965
-0.00015617437
0.000622069
0.0030134702
0.005047773
0.00554297
0.0025908907
0.0014296772
0.00028337928
-0.0036212371
-0.004220831
-0.0021042377
-0.00096911995
-0.0017097133
-0.0032214755
-0.003933904
0.000266764
0.00027977853
0.001190613
0.0010134513
-0.0018218558
-0.006839388
-0.010863732
-0.008522294
-0.0032605096
-0.0009772794
1.364242e-12
