3.637979e-12
0.0006269295
0.0015184848
-0.0001574126
-0.0038105273
-0.006234457
-0.0062518194
-0.0042011654
-0.0023681526
0.00016584361
0.00075359375
0.0004123535
-0.0020261311
-0.002333446
-0.001904763
-0.00038060325
0.00200773
0.0039168857
0.0039098347
0.0029964682
0.0009539707
-0.0014181058
5.8470934e-05
0.0028392388
0.00525589
0.006727716
0.006360386
0.005648683
0.0030932834
0.0019120546
0.0023769934
0.0016944084
-0.0002115356
-0.0045477357
-0.0058116666
-0.0059121223
-0.0038646315
-0.001932031
-0.00063845963
3.637979e-12
