-6.82121e-13
0.0012017569
0.0029770138
0.004979272
0.0055208965
0.0053446335
0.0056984914
0.0058036107
0.0054629864
0.005703453
0.006560023
0.006155852
0.0049801297
0.0032929364
0.0005793434
-0.0011206013
-0.002220029
-0.0024209488
-0.0007967828
0.0016145164
0.0044165687
0.004156476
0.0015089631
-0.0026654443
-0.0056512975
-0.007064279
-0.0068680835
-0.0067401496
-0.006784044
-0.004905904
-0.002812988
-0.002228459
-0.0030736427
-0.005021806
-0.0058031483
-0.005176712
-0.0027224373
-0.000917082
-0.0001800994
9.094947e-13
