2.7284841e-11
0.0019992848
0.005861777
0.008672428
0.008650603
0.0075612124
0.0022407875
0.00017667859
0.0030477636
0.007817233
0.004875236
0.002493553
0.0020862375
0.003167052
0.0001909043
-0.0021393632
-0.002824636
0.0018902067
0.0031615868
0.0012081729
0.00060207467
-0.00075611915
-0.00208168
-0.0050643818
-0.0062440746
-0.0012865347
0.0012533878
-0.00021504262
-0.0009568139
-0.0014057512
-0.0031192016
-0.0007719426
-0.000604419
-0.00042404103
-0.0011656111
-0.0060592806
-0.008503716
-0.0063464744
-0.0019036139
1.1823431e-11
