2.728484e-12
0.00068124384
0.002339131
0.0055440096
0.0051528667
0.00272311
0.0028515563
0.0005984411
-0.0029884279
-0.004437122
-0.002030688
-0.0013264496
-0.0027079969
-0.0036606577
-0.0029740767
-0.0006056685
0.00081099366
0.0018589494
0.0029462636
0.00031052268
-0.0041840095
-0.008681651
-0.0073608346
-0.0029074198
0.0008788028
0.0007767471
0.0038813676
0.0058484287
0.0036033618
0.00086523284
0.00020720175
0.0015343087
0.0048712194
0.0028678833
0.0023013777
0.0013335815
0.0016875062
0.0001561222
-0.00020168418
2.2737368e-13
