3.637979e-12
0.0049563227
0.0023909155
0.0050854506
0.011203812
0.0127887465
0.03547721
0.027455628
0.024863854
0.03146863
0.04868555
0.04744317
0.041655228
0.03823824
0.022849385
0.0074735573
-0.00074815267
-0.0022579986
0.001907307
0.0012315128
-0.01685348
-0.017333852
-0.011021787
-0.023988059
-0.02847546
-0.043362983
-0.026182737
-0.027174812
-0.035645
-0.015052001
-0.009916583
-0.015992742
-0.017017592
-0.01220553
-0.020982482
-0.012363609
-0.015313708
-0.012868333
-0.0012318805
4.5474735e-12
