1.8189894e-12
0.0005742165
0.0036970961
0.003086585
0.0022965148
0.001805184
-0.0032222536
-0.0044441097
-0.0042666164
0.00014266837
0.0032086307
0.0009862713
-0.0011807996
-0.0020189686
-0.004162741
-0.0054367175
-0.0022177366
-0.0007284864
-0.002105206
-0.0033576791
-0.0059153903
-0.003725628
0.0022802008
0.0070064985
0.009727187
0.010919914
0.0059178984
-0.0011973747
-0.003205767
-0.0009212238
0.0022704226
-2.0149571e-05
-0.0014521881
-0.0009218883
-0.0016174465
-0.0039037634
-0.002395851
-0.0024518855
-0.0014403322
2.2737368e-12
