7.275958e-12
0.0019249565
0.0065013487
0.010105083
0.010001866
0.008902111
0.0031051994
0.0006087958
0.0028820657
0.007146028
0.004367348
0.0014474309
0.0008345449
0.001439976
-0.0006357121
-0.003440943
-0.0036758634
0.000520774
0.0020909235
0.00063701614
-0.00071095326
-0.0013782361
-0.0034582845
-0.005257453
-0.0071542263
-0.0019233611
0.00094537676
0.00036383636
-0.00083292497
-0.00032803696
-0.0017405647
-0.0005832404
0.0010894693
-0.00018528667
0.00015739072
-0.0048469435
-0.007651656
-0.0057798456
-0.0017927476
2.7284841e-11
