5.456968e-12
0.0017823093
0.0069408976
0.009305581
0.00557936
0.006180927
0.0074539883
0.011702208
0.010902852
0.007771594
0.0014110105
0.0020534392
-0.0042415946
-0.0055126045
-0.0011905092
0.002213178
0.0016106174
0.0011927324
0.00021125562
-0.0025787
-0.0027201609
-0.0022496074
0.004844767
0.0038518293
-0.00090468983
-0.0018345871
-0.004105891
-0.0045037456
-0.004450663
-0.008069746
-0.005884097
-0.0040357984
-0.0038163012
-0.006510969
-0.0052341586
-0.0059669293
-0.0066104964
-0.0059185047
-0.0022330196
-2.910383e-11
