-2.2737368e-12
0.0024923834
0.006816879
0.0029705134
-0.017709
-0.0027602473
-0.0027875917
-0.013081968
-0.021521097
-0.023581076
-0.028053094
-0.02298963
-0.01935412
-0.024156261
-0.0079947775
-0.0061160973
-0.020331245
-0.008570199
-0.022402858
-0.0104251
-0.021072282
-0.010253652
-0.0073651196
0.00056985323
-0.012605643
0.0079330765
0.010170648
0.020822842
0.02283005
0.01526912
0.026681036
0.039586265
0.039565276
0.036235638
0.038634427
0.02644065
0.005978255
-0.002180397
-0.002159181
5.9117156e-12
