3.637979e-12
0.00087682426
0.0025545005
0.004669334
0.005624461
0.0054520736
0.0042088623
0.0018041302
0.0008291591
0.0012520462
0.001069196
-0.0014248756
-0.005404847
-0.0064891446
-0.00629561
-0.0039078044
-0.0020801434
-0.00020583639
0.0015375819
0.00027820235
-0.0033451319
-0.006036319
-0.0063672457
-0.0043970756
-0.0024957964
-2.9754141e-05
0.0007359063
0.0005153969
-0.0018974743
-0.002025106
-0.0020939922
-0.00062524655
0.0015668356
0.0039153076
0.0037861983
0.0033119163
0.0013107961
-0.0014724566
-0.0006788435
0.0
