2.728484e-12
0.00090635265
0.0028051997
0.0015841579
6.622955e-05
-0.0022297786
-0.005104369
-0.0060353745
-0.0042772805
-0.0033383982
-0.0003820401
0.002481236
0.0027244487
0.0014291899
-0.0009310361
-0.001065145
0.0014100117
0.0034332715
0.003975725
0.003583589
0.0040224222
0.0035361045
0.00059974194
-0.0011453034
0.00086184393
0.005634931
0.0064417743
0.0048793694
0.0038911826
0.0026487475
0.00060999993
-0.0014544711
-0.0018738601
-0.0018926697
-0.0024912567
-0.005638823
-0.0061031114
-0.0037326058
-0.0012047158
2.728484e-12
