5.456968e-12
0.00038272594
-0.00043436515
0.0019988273
-0.0024643631
-0.00921268
-0.006459539
-0.0003085169
0.0049108183
0.007712451
0.008182068
0.0011520172
-0.0018858775
0.0035051694
0.004274015
0.0008502215
0.0020505693
0.000553458
-0.00096439465
-0.0052869185
-0.00085568835
0.0014839028
-0.0016009083
-0.0022762723
-0.002477591
-0.0059511177
-0.008069357
-0.0030653893
0.000484202
-0.001245137
-0.0003569727
-0.0005881287
0.0014146626
0.0014252291
0.003001137
-0.0016187383
-0.008576661
-0.0054971753
-0.0019399747
-7.275958e-12
