-1.8189894e-11
0.0025066636
0.0069650183
0.013274472
0.012754191
0.011021658
0.009443367
0.008666757
0.0056664557
0.006803493
0.0061979685
-0.002080181
-0.0052321968
-0.005109859
-0.0023336234
0.0032653303
0.00037619672
0.0011548484
0.0051320707
0.0019633367
-0.005575452
-0.0022854533
0.0024979226
0.0057533486
0.0027256706
-0.005248285
-0.0037768087
-0.006061324
-0.008707865
-0.007725212
-0.0100484155
-0.005914125
-0.006080853
-0.009021351
-0.0073696403
-0.0010237426
-0.0031147692
-0.005880236
-0.0018922964
0.0
