0.0
0.00051440555
0.0017639544
0.003006581
0.0045320215
0.0033445547
0.0011525268
-0.0016078241
7.0648966e-06
0.003670428
0.005556748
0.006725042
0.0067610512
0.006051252
0.0034707787
0.0021496639
0.001887423
0.0023076609
-0.0006797891
-0.004334318
-0.0056319293
-0.004712516
-0.0017380104
0.00041094943
0.0012484984
0.0025378622
0.00050191313
-0.003931849
-0.0056083295
-0.0055323066
-0.0036730682
-0.0012457491
0.0006254347
0.0014473146
-0.00039078092
-0.0031207628
-0.0025126222
-0.0015625297
-0.0005362998
0.0
