1.8189894e-12
0.0012354131
0.0031888483
0.0029841121
-0.00017938015
0.0023110455
-0.00029137067
-0.00602593
-0.007978509
-0.0017665841
0.0016628266
0.0012154918
-0.00330233
-0.0039086
-0.004881346
-0.006375272
-0.0049648536
-0.0012884476
0.00078185275
-0.00019102721
-0.0010701614
-0.0007786778
0.0061240904
0.01122472
0.011264588
0.013319542
0.008982238
0.00093390123
-0.0032639895
-0.0020449425
0.0015941029
0.0009943178
-0.0022639562
-0.0028814953
-0.0016760672
-0.0034055414
-0.004747577
-0.003407254
-0.0005465012
1.8189894e-12
