6.366463e-12
0.0006461161
0.0030331125
0.0045111384
0.0038556077
0.00066373625
-0.002903866
-0.0046360223
-0.0053009465
-0.00511615
-0.0037418194
-0.0022662845
-0.0019459018
-0.0029104287
-0.004557132
-0.0051532458
-0.003103525
-0.00103596
9.137069e-05
0.0006351965
-0.00020542764
-0.0020083669
-0.0031096525
-0.0021944232
0.0008057263
0.003866005
0.004823328
0.0046727145
0.0051359655
0.0051387264
0.00615662
0.0054703094
0.0053685782
0.005648152
0.0038249178
-5.8202713e-05
-0.0026944834
-0.002671274
-0.0010183955
0.0
