1.6825652e-11
0.023057733
-0.0716973
0.00015906617
0.1482212
0.021123832
0.09501753
0.090253085
0.13156644
0.15372556
0.027879044
0.1468251
0.038227774
0.18965152
0.0505128
0.07395428
-0.008306074
0.010604642
-0.013401471
0.020917935
-0.0007577995
0.045757137
0.054613695
0.0773533
0.08021197
0.07277667
-0.0019852947
0.025221664
0.017712498
0.0014197528
0.03051808
-0.021909079
-0.026034322
0.056809794
-0.09937995
-0.035652097
-0.07267093
-0.07043983
-0.020252783
-0.013831994
0.029584795
-0.049955048
-0.023828764
-0.10885771
-0.04519096
-0.08177184
-0.12010885
-0.035595845
-0.081059225
-0.1492581
-0.14308095
-0.2184993
-0.12625346
-0.08243865
-0.132089
-0.091180354
-0.05751759
-0.070879295
-0.003011167
4.8748916e-10
