-7.275958e-12
0.0010902943
0.0031066055
0.004306986
0.0020043186
-0.00036756997
-0.0030775857
-0.0053592552
-0.0038356609
-0.0031011545
-0.0014474455
0.001953316
0.002511455
0.0012994064
-0.0014547699
-0.0023678406
-0.00043459533
0.002235733
0.002676504
0.0027739718
0.0023589095
0.0023465878
0.00017793156
-0.002249442
-0.0006142132
0.0034373887
0.00560137
0.0037441403
0.002507744
0.0011633157
-0.00045124313
-0.0022414017
-0.0030670017
-0.0019780667
-0.003192435
-0.004860946
-0.0062997662
-0.0031287738
-0.0010398594
3.1832315e-12
