-3.637979e-12
0.00021619763
0.00087712123
-0.00020472167
-0.0009856387
-0.0031863435
-0.003817419
-0.0016628182
0.0015949998
0.0025194418
0.0028088957
0.003721649
0.0052243555
0.005532954
0.0056334934
0.006397475
0.008376851
0.007457076
0.0035741262
-0.00030094536
-0.00091830426
0.00041596976
0.0020276979
0.003976836
0.005135733
0.0036279974
-0.00030037703
-0.0038438085
-0.0048559536
-0.005296835
-0.0046422156
-0.0036842444
-0.003142769
-0.002938087
-0.0045313984
-0.006020628
-0.004508382
-0.0014929475
-0.00027053634
4.5474735e-13
