0.0
0.000770616
-0.0005555749
-0.013578594
-0.014199893
-0.010897158
-0.0025193738
-0.0012355592
-0.00435302
-0.016259098
-0.014166374
-0.017722506
-0.014369867
-0.014226724
-0.010292718
-0.0048664357
-0.007498474
-0.01058875
0.000824829
0.0071733305
0.011845585
0.015305972
0.028100438
0.021161944
0.018400647
0.016191442
0.015362287
0.014432189
0.010372057
0.004785215
0.009075211
0.008167684
0.0041927686
0.0023239022
-0.004605795
-0.004229225
-0.0042387736
-0.0045879874
-0.0007571957
5.456968e-12
