-1.8189894e-11
0.0067168223
0.01186324
0.005689295
0.012455881
0.014375505
0.025868438
0.038565964
0.017236419
0.03267379
0.041699488
0.051197
0.039930448
0.040564403
0.023007575
0.009892185
-0.0027253572
-0.005316784
-7.335807e-05
-0.0019119959
-0.011787139
-0.02242944
-0.014081383
-0.020304583
-0.029978387
-0.040145926
-0.034794062
-0.023077987
-0.03812652
-0.021537269
-0.010163624
-0.015294655
-0.021636363
-0.012365122
-0.017723665
-0.017967336
-0.0089982785
-0.019756965
-0.0029308798
3.637979e-12
