1.0913936e-11
0.0020117918
0.009358848
0.012767176
0.014089276
0.0098339515
0.010454907
0.009398722
0.004255803
0.007955218
0.0045121126
-0.0011750147
-0.005467275
-0.0042746617
0.0009764409
0.0033050382
0.0023234298
0.0012501918
0.006172314
0.0018639003
-0.0044142567
-0.0023553418
0.004564398
0.007390637
0.0014346334
-0.004525613
-0.004544359
-0.0031903796
-0.0095898835
-0.006192968
-0.0069886884
-0.0056178537
-0.0040918565
-0.00740699
-0.0063421926
0.00082162715
-0.0027699266
-0.0054179598
-0.0027551074
2.5465852e-11
