2.728484e-12
0.0010691273
0.0020689848
0.0020989648
0.00034892024
-0.0016658388
-0.00014197687
0.0024737255
0.0045567728
0.004014372
0.004619008
0.0044066245
0.0027927733
-0.0003536537
-0.0007988718
0.003464535
0.0061066914
0.0046357154
0.0032565168
0.002102328
8.674053e-05
-0.0020527537
-0.0031771986
-0.0024859044
-0.002503022
-0.0053305775
-0.0064719873
-0.0045896824
-0.00043606665
0.0029695558
0.0031916779
0.0018324674
-0.0001786176
-0.0036301697
-0.005881655
-0.0050483253
-0.0040232446
-0.0021697334
-0.0005065612
1.8189894e-12
