1.8189894e-12
0.0011829751
0.0030421652
0.0046103015
0.004829381
0.0037550372
0.0019124508
-0.0002279798
0.001524415
0.004510594
0.0069149258
0.008234145
0.0076010893
0.0059886994
0.0042055496
0.003525198
0.0037133314
0.0023876987
-0.0011048807
-0.0038262373
-0.0054447
-0.0057409666
-0.0029109784
-0.0014942845
0.0007773661
0.0016967818
-0.0008030151
-0.0045397365
-0.007423608
-0.006550287
-0.0042688753
-0.0018482916
-0.00054908835
0.000207225
-0.00096274936
-0.0020480794
-0.0037397668
-0.0027383876
-0.0010633481
0.0
