4.5474735e-12
0.003435464
-0.0013784282
0.0061126812
0.0041390797
0.023183472
0.029818445
0.027367905
0.024032233
0.04038441
0.05063212
0.044330403
0.041266404
0.03059991
0.012623198
-0.0010955546
-0.0016219667
-0.0020591097
0.0055836076
-0.0108433375
-0.016324194
-0.003941868
-0.017374195
-0.020821143
-0.0389127
-0.019960176
-0.027177086
-0.028574519
-0.0149651915
-0.00820292
-0.014580757
-0.013700627
-0.01502316
-0.018137982
-0.014007024
-0.018407537
-0.01043881
0.00082205236
-0.0021704736
6.366463e-12
