2.728484e-12
0.0014808511
0.007099651
0.009101569
0.004610571
0.006205702
0.006795741
0.010175272
0.010810538
0.0063033216
0.0016108993
-0.00027758616
-0.0034914715
-0.0049053873
-0.00071442977
0.0034711529
0.0037661646
0.0032537426
0.0013170788
-0.000628934
-0.0024486245
-0.0007275307
0.0045297453
0.0048203194
-0.001098701
-0.0028814874
-0.0031797595
-0.005809801
-0.004281871
-0.0070863203
-0.0059720865
-0.0026473575
-0.0039571635
-0.0041729873
-0.0036740722
-0.0037566707
-0.005617403
-0.003729932
-0.0022427803
0.0
