4.5474735e-12
0.0007716579
0.00093803497
-0.0009932017
-0.0038859295
-0.0032137283
0.0003173058
0.0019498272
0.0015381048
0.0013019899
-0.0016533714
-0.0032956009
-0.00023445446
0.003996607
0.0057824897
0.005569744
0.0041365535
0.004665797
0.004235535
0.0044935406
0.0017227168
-0.0010759927
-0.0038159557
-0.0021538285
-0.00031419
0.0017287348
0.0036626568
0.0015432797
-0.005024788
-0.008152043
-0.006271624
-0.004659324
-0.00395397
-0.00214953
-0.002223854
-0.005334471
-0.006155458
-0.003521138
-0.0007276039
3.637979e-12
