1.364242e-12
0.000811829
0.0023134986
0.0028743686
0.0030998907
0.0014155323
-0.0034178267
-0.0062240413
-0.0053113094
-0.0046804613
-0.00282078
-0.0007534531
0.00021385285
-0.0015951558
-0.0038441517
-0.0036791603
-0.00055415544
0.0010994123
0.0026360955
0.004587195
0.004830137
0.0037339665
-1.8009818e-05
8.5285166e-05
0.0038622296
0.0065318905
0.0071169795
0.0070849145
0.0065798936
0.0042996793
0.0016764472
0.0007007712
0.001420257
-0.00015621982
-0.0037978217
-0.006314161
-0.005596796
-0.0024340674
-0.00069562887
1.8189894e-12
