-7.2759576e-11
0.005325605
0.005566385
0.012074938
0.026194658
0.022869539
0.028795846
0.023833133
0.043404795
0.04316306
0.032888673
0.04512555
0.038221907
0.0412329
0.02592671
0.02949245
-0.017220667
-0.0062078256
-0.0022022813
-0.007173172
-0.01875183
-0.012050799
-0.022700023
-0.025811274
-0.039547317
-0.04713953
-0.022809211
-0.0368342
-0.038294673
-0.029202983
-0.024774967
0.0062468485
-0.008729689
-0.025243517
-0.009459132
-0.007805578
-0.011618063
-0.013208144
-0.0032592667
9.094947e-12
