2.3646862e-11
0.0017402521
0.0058306484
0.0092871245
0.012297978
0.013433442
0.008773968
0.002271142
-0.0012878012
0.0011531779
0.0039795125
0.0033477477
-0.0012825314
0.0003250229
0.0012000006
-0.0026951025
-0.003085467
-0.00035247553
0.0014601719
0.0035278075
0.0014574066
0.0022342869
0.0016913002
-0.0040683374
-0.00771855
-0.0045461147
-0.001227857
0.002682379
-4.0204846e-05
-0.0027987151
-0.0036533645
-0.0054844334
-0.0063848007
-0.0051373574
-0.0008755565
-0.00093019486
-0.0029612307
-0.0036097504
-0.002097507
0.0
