0.0
0.000867374
0.002951685
0.0066983826
0.0063866545
0.006329457
0.00609107
0.0037703898
0.0015953731
-0.00028150575
0.00026307203
-3.836077e-05
-0.0035447911
-0.0063422243
-0.00591787
-0.003266267
0.00041253056
0.0016037291
0.001631625
0.001624556
-0.001988694
-0.0053350627
-0.005962761
-0.004020331
-0.002179417
-0.00014586424
0.0019132537
0.001950704
-0.0008720427
-0.0028411685
-0.0011423577
0.00083225785
0.0019918995
0.0023155082
0.0036424946
0.0033119791
0.0007293838
-0.0017385592
-0.0015748612
1.4551915e-11
