1.8189894e-12
0.0009482041
0.0028294811
0.000872658
-0.0013700457
-0.0011690697
-0.0008897718
-0.003581134
-0.003315651
-0.0022630088
-0.00034458077
0.0016963475
0.0025347127
0.0023687207
0.0008870831
-0.0009387799
-0.0060820337
-0.0059406273
-0.0034461445
0.00013101948
0.0015010037
-0.0014749968
-0.002921138
-0.0030428786
-0.005757774
-0.0055764457
-0.0019133607
-0.00061232893
-0.002229123
-0.0041176397
-0.0059130583
-0.0024909766
0.0032198336
0.0075896513
0.011513235
0.011810829
0.0088288905
0.0021677637
-0.00030284142
1.8189894e-12
