5.456968e-12
0.00048229506
0.0010578686
0.0009282341
0.0010019026
0.0012710881
0.0027981033
0.004142372
0.006031912
0.0061128195
0.004403413
0.0018892637
0.001061473
0.002569775
0.0032058307
0.0050158505
0.00755285
0.007990182
0.0054309093
0.0029069355
0.0015922756
0.0017250264
0.0008873722
-9.425121e-05
-0.0009718615
-0.00234983
-0.0048562484
-0.006227747
-0.005402716
-0.0027712118
-0.0022686152
-0.0031717718
-0.0029886386
-0.0022255422
-0.0028030544
-0.0029302028
-0.0024907275
-0.0011151268
-0.00018559933
3.637979e-12
