2.728484e-12
0.0012285108
0.0031710255
0.0027488014
0.0008855353
-0.0010955292
-0.0044272644
-0.0059096967
-0.0046430174
-0.0035869817
-0.0013288154
0.0017264864
0.0022807247
0.0013221838
-0.0010065129
-0.0012798966
0.00094716984
0.0038429517
0.0041153952
0.0040212767
0.0047950335
0.0039707795
0.001408364
-0.0008819392
0.00016710232
0.005125174
0.005795045
0.0042313393
0.002934157
0.001865015
-0.00073583046
-0.0023858775
-0.0031945999
-0.0022307422
-0.0029787314
-0.005760913
-0.0063502155
-0.0039350647
-0.0013490897
-1.4551915e-11
