4.5474735e-13
0.00041033942
0.00079558464
0.0024535223
0.002560488
0.0023384043
0.002714397
0.004735616
0.007035124
0.0067637432
0.0037541972
0.0009447674
-0.0001632272
0.00013812457
0.001374613
0.0031243295
0.005502575
0.004973977
0.0017589992
-0.0012186926
-0.0020512834
-0.0028693867
-0.0028529507
-0.002382403
-0.0018996717
-0.002804053
-0.004884573
-0.0060709533
-0.004914539
-0.0029406766
-0.0013710005
-0.0002994683
-0.001831742
-0.0027958932
-0.0040997695
-0.0034343263
-0.0018370475
-0.00085998274
-0.0003502637
1.8189894e-12
