1.8189894e-11
0.0013458068
0.0073820744
0.006103657
0.014175429
0.0096766185
0.024531487
0.033515368
0.021858796
0.02617788
0.038904723
0.04776984
0.038722064
0.02933631
0.018244987
-0.0033885192
-0.000564993
-0.0069077737
-0.009099125
0.00066624675
-0.014490789
-0.01405374
-0.026380952
-0.020864293
-0.027192079
-0.02823243
-0.047009688
-0.013242349
-0.02936258
-0.018145029
-0.0065314197
-0.005081075
-0.015018061
-0.015952699
-0.0044527976
-0.012624443
-0.012591705
-0.0013930136
-0.004186049
-2.1827873e-11
