1.36424205e-11
0.0019862177
0.004406483
0.0010303907
0.0038697068
0.0056124656
0.0070350366
0.010815922
0.011113178
0.009888658
0.00586652
-0.0018589499
-0.008498274
-0.00561647
-0.0034454484
-0.0015327064
-0.0011519245
-0.0017090917
0.0010820605
-0.0026977272
-0.0034358609
0.0020050888
0.005385755
0.0035065901
0.002015954
0.0014924766
0.0010758142
-0.000595186
-0.0051145093
-0.0054280316
-0.00030831693
0.0023192982
-0.00054602773
-0.0018689745
-0.004172476
-0.008952448
-0.010083972
-0.0053337235
-0.0016633112
3.637979e-12
