2.2737368e-12
0.00072318246
0.003772358
0.0052108397
0.004230056
-0.0003479789
-0.003932277
-0.0048384215
-0.004961003
-0.0048307427
-0.0031322052
-0.00087401207
-0.00026618748
-0.002075697
-0.0043254336
-0.0040605115
-0.0018585796
0.00034743492
0.0005333011
0.0016220496
0.001125962
-0.0015550727
-0.0033349453
-0.0018034503
0.0015539322
0.0038306296
0.0036135376
0.0034674662
0.003262028
0.0028403832
0.003411986
0.003946708
0.0033871075
0.002261813
0.00018968093
-0.0024724235
-0.0036764066
-0.0032932314
-0.0009425005
5.456968e-12
