1.4097168e-11
0.0034673694
0.010337278
0.012838006
0.026161797
0.015356949
0.026157256
0.03491134
0.043451518
0.0367651
0.048615318
0.035236176
0.013579107
4.426681e-05
0.0034325514
0.0019901532
-0.0101226745
-0.010954216
-0.0053760633
-0.011758654
-0.0038623842
-0.019750267
-0.020102693
-0.035033997
-0.017904943
-0.022057798
-0.023115814
-0.01216828
-0.004854913
-0.014957964
-0.006926354
-0.014180254
-0.01439013
-0.014085597
-0.010024615
-0.0054625934
-0.005567129
-0.011548743
-0.003999594
8.185452e-12
