0.0
0.00023205488
0.0010579873
0.00063158356
-0.003044549
-0.008810788
-0.008117782
-0.0058871843
-5.217956e-05
0.004319279
0.007538222
0.007485495
0.0039036705
0.00027107823
0.0010268538
0.003661158
0.0037989127
0.003148727
0.0022664294
0.002753901
0.0016940051
-0.0012853519
-0.0015003
0.0014419982
0.003763284
0.0032549703
0.0009284151
0.00075821276
-0.00039663102
-0.0029182886
-0.0066230847
-0.004532469
-0.0013994484
-0.0022249161
-0.0032913638
-0.0027091512
-0.0028040658
-0.001483882
-0.0004645939
1.364242e-12
