-3.637979e-12
0.00026050187
0.0014845148
0.003987037
0.0042866822
0.003768579
0.0014313727
0.000730536
-0.003105299
-0.00507644
-0.0030382688
-0.0024371957
-0.0022275976
-0.0033088066
-0.0045172516
-0.002590671
0.00034940726
0.00072636985
0.0005903258
-0.0020153997
-0.0056543006
-0.0090846205
-0.006666202
-1.1820113e-05
0.0035474906
0.0065043904
0.0071365694
0.007619894
0.0039886283
0.0033397577
0.0041996934
0.0046152594
0.005212305
0.002925005
0.0022124106
0.0006652398
-0.0020872564
-0.0020354989
-0.0006874401
6.366463e-12
