7.275958e-12
0.0008543377
0.0022100094
0.0018444186
0.001901223
0.00048402444
-0.0020087382
-0.0034168353
-0.0012812469
0.001898061
0.0044122194
0.0047337776
0.0037539266
0.0035457471
0.0031974728
0.0034236694
0.003951624
0.0024602835
0.00065363955
-0.0021009708
-0.0036610696
-0.0030066222
-0.0009538991
0.0005537117
0.0033265573
0.0044900323
0.0021692398
-0.002910593
-0.005410646
-0.0039352616
-0.0022412569
-0.0012059644
-2.8145645e-05
0.0017528296
0.0014306225
-0.0011070808
-0.003320327
-0.0024061971
-0.00076892565
-7.275958e-12
