-1.8189894e-12
0.00118369
0.0036885017
0.005667597
0.0053040576
0.004944515
0.0048082606
0.004738163
0.004665904
0.0049339025
0.003613624
0.0015085691
-0.0014172047
-0.0030249346
-0.002230122
-0.0010994568
0.0006529306
0.0027479064
0.0040832297
4.020403e-05
-0.004984435
-0.007503303
-0.0060921377
-0.0049015516
-0.004360114
-0.0027761671
-0.000111187444
-0.00067616726
-0.0026886198
-0.004567827
-0.0034527143
-0.00028265562
0.002202169
0.0021571685
0.0033511987
0.0025026577
0.0002368098
-0.0015091308
-0.0008971273
-7.275958e-12
