0.0
0.0010180403
0.002318824
0.0031884587
0.0039804974
0.004327052
0.0044426466
0.0017308181
-0.00093688234
0.00015683018
0.00568651
0.005908276
0.0050635943
0.004442444
0.0032096172
0.0008105915
-0.0016995546
-0.0017887652
-0.0018314023
-0.0027218156
-0.006050203
-0.0075137545
-0.0052434285
-0.0015042713
0.0011988843
0.001243669
0.00040265184
-0.0012199306
-0.00482205
-0.0073079537
-0.00636843
-0.005099869
-0.0027643235
-0.00043248123
0.0009888515
0.00069816463
-0.0021903717
-0.0027927423
-0.0009418434
7.275958e-12
