-7.275958e-12
0.0011846359
0.003916918
0.0025609862
0.0011203648
0.00021114164
-0.00069004425
-0.0017205273
-0.0040056035
-0.008580224
-0.004583823
0.0013170501
-0.0008733045
0.0005878145
-0.0028223554
-0.006729807
-0.009299319
-0.008016237
-0.0030392401
0.0012342823
0.0017461574
0.0018473472
0.0025983865
0.004166355
0.007933775
0.0120887095
0.012257498
0.01141422
0.006271505
-0.00074451754
-0.005689328
-0.0009634278
0.00015759951
0.0015952028
0.0016593053
0.0020214885
0.0014948386
-0.0003885925
-0.000989496
1.1368684e-12
