-7.275958e-12
0.0018516784
0.00451909
0.0037959935
-0.00092218316
0.004724839
0.00077737775
-0.0032423253
-0.0059283176
-0.00076289626
0.004687059
0.0014467204
-0.008770856
-0.009321326
-0.0062186765
-0.010738831
-0.012197952
-0.009192742
-0.008456841
-0.007541301
-0.010595581
-0.0074708145
-0.003994391
-0.00012927398
-0.003323771
-0.0012019187
0.008370038
0.014325218
0.015419297
0.01170511
0.009708806
0.011134361
0.0058671455
0.005505547
0.007258548
-0.00017336174
-0.004833641
-0.00434996
-0.0015920374
-1.8189894e-12
