1.8189894e-12
0.0011117049
0.0031399662
0.0020917493
-0.0015272766
-0.0033116788
-0.004167349
-0.006340987
-0.005094033
-0.0013142279
-0.0008763118
-0.0009522892
-0.003942383
-0.0015646337
0.0053516394
0.009271339
0.011220747
0.013032651
0.008609132
0.0008484763
-0.0025812695
-0.00090694136
0.002871899
0.0020299444
-0.0017014521
-0.0008552666
0.00035037767
-0.0010802272
-0.0033177682
0.00025524577
0.0023301025
0.0037082732
0.0012542283
0.001721882
0.0016995107
-0.003903814
-0.008297975
-0.0040570255
-0.0011901476
3.637979e-12
