4.5474735e-12
0.00032892992
0.001695881
0.0037981272
0.0022818008
0.0009463763
5.6640827e-05
-0.0020073792
-0.0042343535
-0.008573405
-0.0068888785
-0.0022672692
0.00032393
0.0013387346
-0.0031272515
-0.007395271
-0.0066364706
-0.006491285
-0.0041848775
0.0018052188
0.0019915113
0.0023169648
0.0018069767
0.0030973926
0.009230474
0.011808032
0.012486004
0.011385836
0.004607714
-0.0037172297
-0.0042540384
-0.0029540637
-0.00019637248
0.000908648
-9.2755035e-05
-0.0003545384
-0.00066824444
-0.0014191838
-0.0006376015
1.8189894e-12
