7.566996e-10
-0.110479675
-0.14154465
-0.07236092
-0.00253144
0.013577624
0.058200307
0.019644156
0.13017318
0.074056104
0.12228726
0.10677485
0.022748798
-0.016039468
0.056626003
-0.0030603316
-0.107487656
0.034569994
0.044021204
-0.03591062
0.056306448
-0.051058263
0.014790583
0.09524192
0.02835343
-0.050363354
0.024126392
0.04402419
-0.048609264
-0.12744546
-0.0062573184
-0.018813428
-0.07844236
-0.014175413
-0.00866377
-0.12572235
-0.055803705
-0.102241576
-0.05521443
-0.013482092
-0.07371376
0.02361471
-0.0042938814
-0.09960388
0.13514115
-0.07241584
0.10571944
0.14192443
0.10710669
0.10668867
0.09533274
0.09753159
0.08533823
0.09603299
0.06516352
0.080126874
-0.020638365
0.22414455
-0.18147637
6.4574124e-11
