-1.4551915e-11
0.0013046926
0.009900511
0.02030431
0.023011103
0.024364762
0.03288402
0.02672368
0.02136871
0.0133895185
0.014984156
0.018615866
0.0056022955
0.00015487871
0.009422509
0.00015213282
-0.0029393819
-0.013978407
-0.011022285
-0.012611186
-0.009843916
-0.011543363
-0.0017350474
-0.0073140464
-0.015484182
-0.018571297
-0.007231041
-0.0013174815
-0.0003400913
-0.012981299
-0.018567493
-0.013024428
-0.018539654
-0.012643221
-0.0077963662
-0.0067745023
-0.002247807
-0.0055294065
-0.0028608062
-3.637979e-12
