3.637979e-12
0.00062073057
0.0010669809
0.0031670018
0.0017799619
-0.0027587058
-0.0048534474
-0.004518637
-0.0032237251
-0.0012780672
0.0009901728
0.0020345983
0.0008821422
-0.0019535131
-0.0024064498
-0.00087186875
0.0005387543
0.0019857811
0.0036214315
0.0042511984
0.0030268289
0.00044269886
-0.0015138518
0.0005731812
0.004120633
0.005755773
0.0067509683
0.0067081857
0.005847435
0.003354596
0.0020288345
0.0019465606
0.002228253
-0.0006815698
-0.004266087
-0.005635481
-0.0048011383
-0.0017778332
-0.0006201447
1.0913936e-11
