-3.637979e-12
0.0014347672
0.002679458
0.0008778779
-0.00080626155
-0.0017544164
-0.0025535985
-0.003849706
-0.0070848675
-0.00959616
-0.0029164616
0.000183278
-0.0016587185
-0.0002686861
-0.0045525674
-0.0075316727
-0.009106639
-0.005999559
-0.00016018376
0.0025326381
0.0023658623
0.0028721923
0.004051412
0.005487079
0.009740995
0.012077923
0.010965275
0.0089298645
0.0014733544
-0.0052548903
-0.0067057004
-0.0018788129
-0.0013303978
-0.0004997613
-5.0147355e-06
0.00048775738
-0.0007576646
-0.0025264455
-0.0016024982
-7.275958e-12
