1.8189894e-12
0.0014181486
0.005282037
0.008878182
0.011829749
0.011101926
0.0048423577
-0.00020662259
-0.0022036396
0.0025633115
0.004015473
0.000110145964
-0.00057421083
0.00025833424
-0.0008996243
-0.0038490535
-0.0021978016
-0.0009985089
0.0018924759
0.0027324103
0.0026089547
0.002578843
-0.0004992777
-0.004708342
-0.006652596
-0.0027022827
0.00087652437
0.003062315
0.00093357416
-0.0016895488
-0.0013290604
-0.0038026785
-0.004151164
-0.0005430422
0.00094950607
-0.0010483069
-0.0029641304
-0.0042705145
-0.001549162
1.8189894e-12
