2.728484e-12
0.0015427887
0.0033005748
0.0023709787
0.00023304448
-0.0010003038
0.0016268633
0.004057518
0.004497606
0.004416352
0.0046830126
0.0031964262
0.001543354
-0.00012076829
-8.0998114e-05
0.0035426822
0.006010173
0.0055788755
0.0039956477
0.0022815624
-0.0002858686
-0.0017416844
-0.0019854465
-0.0023965016
-0.0021903708
-0.0026016405
-0.003524146
-0.0025651236
0.0010464407
0.004133788
0.005373663
0.0025896593
-0.0011955848
-0.004890532
-0.006492152
-0.005665859
-0.0038927316
-0.0039041466
-0.0012572911
1.0913936e-11
