1.0913936e-11
0.00032962835
0.0027293388
0.0070132767
0.006393887
0.00470607
0.0043808403
0.0019961144
0.00016899337
-0.002100563
-0.0017776496
-0.0016685772
-0.0046562115
-0.0068105664
-0.005853599
-0.002286843
0.0017103499
0.0026516092
0.0020785835
0.0007559179
-0.0016742081
-0.004664878
-0.0035233083
-0.0024037242
5.2377058e-05
0.002626168
0.0042546815
0.0032432892
0.0007154817
-0.0013323023
0.0005794409
0.0032941774
0.0030551804
0.0035563693
0.0034656746
0.003125792
0.00017565177
-0.0022142855
-0.0013696717
9.094947e-13
