9.094947e-12
0.0007968403
0.0021646305
0.0040595243
0.00428503
0.0030399135
4.8950533e-05
0.00083691214
-0.0028272483
-0.0065736896
-0.0043669697
0.0020969536
0.0032923978
-0.00010100473
-0.005433662
-0.0059507443
-0.0068708267
-0.008096587
-0.0048663183
-0.00038526722
-0.0014475787
-0.0015517715
-0.0019132385
0.0014948855
0.0068121525
0.011393243
0.010683024
0.0102081355
0.0028933766
-0.003294912
-0.0047877985
-0.002843948
0.0014516868
0.0014328315
-0.0016302604
0.00031808717
-0.00071313797
-0.0013598517
-0.0006758888
0.0
