0.0
0.0015006433
0.005983798
0.010746143
0.010376101
0.00878333
0.008607872
0.009654585
0.009629855
0.010748222
0.0051028207
-0.0007951345
-0.0029107418
-0.0038329996
0.0012934979
0.0014071129
0.0030416348
0.0049140477
0.005123084
-0.0020744547
-0.0041964175
-0.0014768362
0.00044922752
0.0045742313
0.0019609611
-0.0062757935
-0.0052526277
-0.0074978983
-0.008836289
-0.010115453
-0.008561499
-0.007071232
-0.0052819927
-0.009007826
-0.0049777078
-0.0023944518
-0.005884294
-0.005180263
-0.001760387
1.364242e-12
