1.364242e-12
0.00057660334
0.0018966565
0.0043164664
0.00567054
0.005563039
0.0021486708
-0.0015540133
-0.003719896
-0.0043794485
-0.0039827917
-0.003141732
-0.0020994698
-0.0024538222
-0.0034660934
-0.005606896
-0.0048680278
-0.00265938
-0.00020940651
-0.00015488309
-0.0006358986
-0.0019646795
-0.0039293002
-0.0040381947
-0.002048246
0.0016233987
0.002550109
0.0028998936
0.0037494078
0.0049500135
0.005510941
0.0051087136
0.0058353785
0.007226902
0.0052697943
0.00067699264
-0.002153132
-0.00203969
-0.00052738935
0.0
