5.456968e-12
0.0003200911
0.0010712364
0.0004452158
-0.0032572409
-0.0075058183
-0.009163805
-0.0057980046
-0.00025237037
0.0025983183
0.0042143776
0.00623931
0.007467613
0.0044475235
0.0024511972
0.0031427154
0.0040953634
0.005707599
0.003896668
0.0029957267
0.0018002428
0.00092775165
-0.00040241762
-0.0004499299
0.0016763258
0.004041395
0.004958177
0.003797921
0.0012278097
0.0008906503
-0.0018527233
-0.0043428224
-0.0035305645
-0.0014933906
-0.00081290485
-0.0018392977
-0.0031796005
-0.0034078697
-0.0007345297
7.275958e-12
