1.0913936e-11
0.002081964
0.0083415285
0.015043549
0.015123725
0.014705937
0.019826306
0.01702045
0.012026624
0.01192459
0.009263855
0.005608136
0.003304762
0.0033200914
0.005745315
0.0037279464
-0.004428041
-0.0066893683
-0.0017675535
0.002393288
0.00037846164
0.00038653612
-0.006503853
-0.012013773
-0.01138857
-0.007998465
0.0019246067
-0.0038911742
-0.008640085
-0.011536857
-0.011938376
-0.01059583
-0.008472219
-0.011356036
-0.007915338
-0.0029321604
-0.0104210675
-0.007044888
-0.0027429622
2.5465852e-11
