-3.637979e-12
0.0017683257
0.0037837692
0.006719442
0.0071300166
0.0075865015
0.004023119
0.0034120958
0.004071499
0.00466483
0.005200443
0.0033329607
0.0021808923
0.0013833374
-0.0017537491
-0.0020332143
-0.00073351746
0.001294964
0.001825541
0.001101385
-0.0006743949
-0.0011791168
-0.004391792
-0.0059054117
-0.004579337
-0.0026931418
-0.0019176549
-0.0026029623
-0.0034111748
-0.0026283215
0.000672985
0.0016220806
0.0016822836
-0.00011148321
-0.0029829028
-0.008060293
-0.009063349
-0.004769022
-0.0013195833
3.637979e-12
