2.2737368e-12
0.0055720187
0.0025826497
-0.00967203
-0.017110912
-0.004097304
-0.0158339
-0.018796919
-0.035573266
-0.027637986
-0.021000996
-0.031420216
-0.021174787
-0.008704805
-0.010566061
-0.016461693
-0.01227551
-0.018032147
-0.015846787
-0.014891241
-0.018914662
-0.0064324853
-0.0012033726
0.0011267705
-0.0007462278
0.008156389
0.020402743
0.026872996
0.026111353
0.018109778
0.044109374
0.04432469
0.04919154
0.03985172
0.036795966
0.01956282
0.0022199578
0.002280928
-0.004896294
-9.094947e-12
