3.637979e-12
0.00037420448
0.0005573447
0.0015468993
0.0020916595
-0.0020605444
-0.007379936
-0.0071641305
-0.0035546657
0.0011881005
0.0063518756
0.008806881
0.009263631
0.004865433
0.0009958067
0.0033078426
0.0055561243
0.0044668084
0.0034720267
0.0025459754
0.0026406194
0.00059703767
-0.003057736
-0.0020596927
0.0015473452
0.001606693
0.0009781083
-0.0015051945
-0.0005878582
-0.0032550965
-0.006191015
-0.006791002
-0.002082526
-0.0011095444
-0.002859972
-0.0021814993
-0.0023421869
-0.0009605931
-0.0005507754
9.094947e-12
