0.0
0.0005712247
0.0012282329
0.0048156222
0.005686214
0.0031220613
0.0016432754
0.00040478434
-0.0038430654
-0.0057899714
-0.003843173
-0.0028587966
-0.0033508353
-0.005769344
-0.0047450718
-0.001618136
-0.00065100496
0.0009856191
0.0011591268
-0.0011758805
-0.0064001014
-0.009303083
-0.00653702
-0.0011535091
0.0021263156
0.0029791072
0.0068584774
0.00727151
0.004201766
0.0025409905
0.003799927
0.004980893
0.0061202347
0.002947819
0.002054912
0.0012902815
-0.00088711805
-0.0011999574
-0.00063700136
1.8189894e-12
