-3.637979e-12
0.0010392708
-0.00017802743
0.0064845285
0.022904517
0.024962243
0.026454013
0.030407978
0.026707307
0.019845713
0.016828729
0.011374724
0.012491336
0.012853918
0.0120774405
0.002087216
0.005220997
0.00048438518
-0.005415371
-0.013948515
-0.017178744
-0.006491217
-0.009144631
-0.009830697
-0.0060908897
-0.009173855
-0.01631955
-0.019627577
-0.009304638
-0.0061327154
-0.004903389
-0.019163363
-0.028019162
-0.01916502
-0.019936562
-0.012982427
-0.0063756234
-0.0033030566
-0.0012828817
-5.002221e-12
