1.0913936e-11
0.00067657675
0.0012123402
0.003073066
0.0033064564
0.002470657
-0.00072730513
-0.0022765517
-0.00052608654
0.0032914525
0.004625211
0.005659912
0.005476727
0.0046597486
0.0022613776
0.00027229212
-0.00024444982
0.00015619167
-0.0014393463
-0.0050960956
-0.007523959
-0.006556094
-0.004440147
-0.0013591363
-0.00020969287
0.000689749
0.001351049
-0.0017603831
-0.005604791
-0.006260687
-0.005096205
-0.0037602393
-0.0012812024
0.0007494441
0.0013220167
4.5610766e-05
-0.0024288758
-0.0019149183
-0.00039644
0.0
