-4.7293724e-11
0.11918611
-0.117712826
0.12794293
0.053983547
0.0032526534
0.08094283
-0.065550976
0.023906868
-0.03927668
0.0076052714
-0.022248726
-0.09155263
-0.047168188
0.015713314
-0.07674716
-0.01876103
0.07410901
0.039945457
0.002426426
0.03299371
0.01401197
0.078329906
-0.021684848
0.020685175
-0.066523746
-0.07078349
-0.07871182
0.03961751
-0.08989464
-0.08109034
-0.13982998
-0.16790396
-0.12667482
-0.062392946
-0.123083495
-0.111396834
-0.05077494
-0.06353324
-0.060041215
0.026299672
-0.073036835
0.01794177
0.08984466
0.054399095
0.10882377
0.02490677
0.11789223
0.03584061
0.1976311
0.065967664
0.120849386
0.059060685
0.08715312
0.10397566
0.011496321
-0.00010940386
-0.026927598
0.077180035
-2.3464963e-10
