-7.275958e-12
-8.09154e-05
-0.00077819836
-0.0024536795
-0.011699997
-0.011745193
-0.015999041
-0.008703478
-0.0028454445
-0.0045604575
-0.008715792
-0.013356702
-0.0137150055
-0.008669221
-0.0116243
-0.013036453
-0.0096962005
-0.001345189
-0.008044193
-0.011670324
-0.0037633362
0.0034393857
0.008059228
0.011560601
0.008498239
0.017742928
0.019285716
0.014456458
0.011854379
0.01276801
0.00880002
0.0043894174
0.0031636131
0.0028205859
0.010066919
0.0041176137
-0.006442306
-0.0025721523
-0.00039181334
1.8189894e-12
