3.637979e-12
0.0007942862
0.001838465
0.0019065617
0.0023622937
0.0034343607
0.0039589712
0.0036206157
0.0042636436
0.006030986
0.0074796374
0.004703279
0.00056066894
-0.0011338773
-0.000986319
0.00063666864
0.0022660699
0.004374014
0.005174829
0.0023832368
-0.0017327577
-0.0039043585
-0.004579544
-0.0044371434
-0.004130009
-0.0037501021
-0.0027869833
-0.0038501713
-0.0062787696
-0.0061751273
-0.0036585769
-0.00076986226
-0.00021047346
-8.7221415e-05
-0.0008345584
-0.0026793322
-0.0040616095
-0.002927193
-0.0007250705
0.0
