-1.4551915e-11
0.001791243
0.001699258
0.0044969823
-0.0011935344
-0.008249267
-0.011019459
-0.014367943
0.0020111464
-0.003256088
-0.010799136
-0.009142649
-0.0047302116
-0.01256935
-0.006968416
0.00093668024
-0.009216219
-0.01044361
0.0009364175
0.0072663254
0.005280138
0.013446745
0.017762065
0.012763957
0.010769747
0.010437699
0.0008957398
0.0009013142
0.007087852
0.00404384
-0.007066381
-0.0010452475
0.0021263738
0.0046379906
0.00063895626
-0.005600182
-0.007703758
-0.012754836
-0.0003814426
2.2737368e-12
