9.094947e-13
0.0003848403
0.0009544361
0.0013071524
-0.0008531914
-0.0029619527
-0.0018633066
0.0011074783
0.004507196
0.005022769
0.0048351893
0.004492902
0.0041601844
0.0040329737
0.004793367
0.0039743283
0.0033159417
0.0013624765
-0.0015672751
-0.0037586556
-0.004394816
-0.0026538568
0.0014098961
0.004168194
0.0040473393
0.0002561899
-0.003320193
-0.005054351
-0.005135727
-0.00493583
-0.004087247
-0.0014449817
-0.00077469635
-0.0015739361
-0.0039584814
-0.0045648334
-0.0031546536
-0.000570792
-0.00031686158
3.637979e-12
