-3.637979e-12
0.0010332079
0.0028765486
0.0012732069
0.0015259407
0.0037204803
0.00893138
0.0132129295
0.013154903
0.012300181
0.0053446414
-0.001978103
-0.0041892827
-0.0020913663
0.0003627247
0.0022353013
-0.0009267527
9.318851e-05
0.00033258274
-0.0016701125
0.0009246892
0.0028291023
0.003371859
0.0037410744
0.001539461
-0.0004962903
-0.0011648595
-0.004572696
-0.007800079
-0.00411579
0.0013971949
0.0024545945
-0.0020705413
-0.0065519246
-0.0068182657
-0.007639342
-0.0070925653
-0.0025919473
-0.0009888661
-1.8189894e-12
