3.637979e-12
0.0009146108
0.0022397968
0.0019072292
0.0020688772
0.0036688123
0.008058613
0.0131419
0.012900659
0.012184057
0.007684655
-0.0021261498
-0.0036857785
-0.0016949006
0.00010862277
0.0010079774
0.0007778882
-0.00018014695
-2.728647e-05
-0.0027143087
-0.00051255076
0.0019839825
0.0029005539
0.002392994
-0.0001107803
-0.00094438624
-0.0021861834
-0.0066799237
-0.009212618
-0.0077053346
-0.0025530155
-0.0016934508
-0.00059837033
-0.0048267357
-0.009512255
-0.008988773
-0.008005731
-0.0043793772
-0.00084363786
7.275958e-12
