7.275958e-12
0.0010693646
0.00052037765
0.007402418
0.008533845
0.021920994
0.03073227
0.029967956
0.031978577
0.030237393
0.02321168
0.01771161
0.012005831
0.010737577
0.009102399
0.0102513
0.00042845652
0.0033981719
-0.0063989144
-0.005324793
-0.013942698
-0.018581942
-0.020864889
-0.0076386
-0.014035318
-0.009393622
-0.010405392
-0.0135298
-0.017476967
-0.016594294
-0.007853648
0.00033356133
-0.009118631
-0.015541252
-0.023520177
-0.012649639
-0.0130136525
-0.004667237
-0.0009403308
4.5474735e-13
