-1.8189894e-12
0.0005280932
0.002654777
0.0016348901
0.00038355327
-0.0047002463
-0.007900267
-0.008400513
-0.0045366753
0.00082789117
0.005508517
0.0063734734
0.006859193
0.0041601984
0.0013955252
0.0025871873
0.004327706
0.0032679196
0.0041049393
0.0025071513
0.0022386746
0.00084622146
-0.0017267893
-0.00086244487
0.0011431673
0.0028081613
0.0011314796
0.00014471039
-0.000356825
-0.0021590502
-0.0057653217
-0.006858411
-0.0040817684
-0.0030454933
-0.0033973695
-0.0033553015
-0.0030755252
-0.0026331414
-0.00092137646
0.0
