-1.4551915e-11
0.0007785377
0.00077577477
-0.0012524582
-0.000657827
-0.0028202026
-0.00170492
-0.00059258164
-0.0006450813
-0.0006305183
-0.0040316945
-0.008484311
-0.009062205
-0.004235235
0.0024608332
0.005487042
0.0074397638
0.0070023127
0.0034098057
-0.0012569962
-0.0009477105
0.0044115717
0.0048929597
0.0011532075
0.0007965347
0.0014688899
5.9922633e-05
-0.0022914303
-0.005297674
-0.002053116
0.0013317271
0.0005763862
-0.00018137283
-0.0017798461
-0.0012070606
-0.003953222
-0.006718952
-0.003896675
-0.0011301484
9.094947e-13
