9.094947e-13
0.00035566755
0.0036050507
0.0060607903
0.004663403
0.0033148378
0.0021437677
0.00019912084
-0.001972333
-0.0031538724
-0.0025294987
-0.002428932
-0.0049786987
-0.0065022632
-0.0049009193
-0.0011072111
0.0027027016
0.0034495583
0.0019264151
0.00035720537
-0.003045017
-0.0058521414
-0.0052589905
-0.0044129454
-0.0027455764
5.4943594e-05
0.00067437236
0.0003697271
-0.0023797252
-0.0033581764
-0.0015270197
0.0015955793
0.0028871242
0.0028603082
0.0036346517
0.003722524
0.001502224
-0.0011076871
-0.00080043444
3.637979e-12
