1.8189894e-11
0.0014868184
-0.00013185805
-0.0139954
-0.015939219
-0.003116009
-0.013000177
-0.014701329
-0.0145055605
-0.03457487
-0.02352868
-0.022470046
-0.019974243
-0.019830946
-0.008990244
-0.003568551
-0.014925369
-0.0076012057
-0.014495818
-0.010976518
-0.01593621
-0.008235339
-0.0041120257
-0.004022762
-0.0079515055
-0.0021730328
0.008085296
0.014306651
0.019400692
0.019430876
0.015879758
0.033092726
0.038504478
0.03707303
0.039257683
0.041876964
0.018414743
0.003111307
-0.002030942
7.275958e-12
