-1.8758328e-12
0.005773082
0.017044375
0.011537971
0.0033715875
0.011816181
0.028297283
0.028747115
0.038675345
0.027653582
0.028612884
0.01981153
0.0063110637
0.0062339213
0.0031351543
-0.0037399894
0.0015709134
-0.009149192
0.0010063974
-0.005086035
-0.011697594
-0.027152617
-0.013967354
-0.017466456
-0.0186558
-0.01982818
-0.012253276
-0.0038058278
-0.010435741
-0.015946513
-0.01980177
-0.0064132037
-0.005767375
-0.009111641
-0.01895743
-0.013224284
-0.0072753523
-0.008824884
-0.004266766
-1.5006663e-11
