5.456968e-12
0.0015481664
0.001575649
-0.0020833712
0.00073979906
0.0025703849
0.0047864662
0.008994124
0.0097859865
0.008390831
0.0050029797
-0.0028333657
-0.006668626
-0.0029419432
0.0001650058
0.0014548429
0.00250244
0.0011696783
0.0033941162
-0.0009638664
-0.0025961217
0.0025565492
0.004879652
0.0021378093
-9.879525e-05
-0.0011739454
-0.0015236315
-0.0036653639
-0.00784272
-0.008982064
-0.0032979124
-0.0007955008
-0.003022423
-0.0041574435
-0.005635932
-0.009156771
-0.010648084
-0.006043245
-0.001740098
1.36424205e-11
