5.456968e-12
0.0010656024
0.0022922417
0.0027790843
0.0019301417
-0.0009961609
-0.004952991
-0.007845545
-0.00555414
0.0006238107
0.00353458
0.0055288305
0.006257079
0.005488692
0.002183682
0.0016193523
0.0025323336
0.0032906905
0.0037890533
0.0023606988
0.0021746787
0.0015336333
-0.0007895574
-1.745706e-06
0.0022127756
0.0044324356
0.0041837576
0.0032319054
0.001464751
0.00025556184
-0.0039154235
-0.004693062
-0.0030739566
-0.0021695306
-0.0024175188
-0.0032816813
-0.0045477487
-0.0022626384
-0.00040749786
1.8189894e-12
