9.094947e-13
0.0004922552
0.0013738777
-9.147788e-05
-0.0029721304
-0.0030253415
-0.00026764773
0.0018090317
0.0027831844
0.0035634795
0.0043693613
0.004044522
0.00077806425
-0.0020446877
0.0003113069
0.0042569777
0.0052070785
0.0043510813
0.004216795
0.0026257823
0.0005482652
-0.0020333717
-0.0020747597
-0.0016854281
-0.0029530297
-0.006431016
-0.0073509747
-0.0058331937
-0.0019959013
0.0007697134
0.0014519894
0.0011249003
0.00059367303
-0.0036581215
-0.0060513862
-0.005636793
-0.004052176
-0.0020905072
-0.00040490116
2.728484e-12
