2.1827873e-11
0.0011368037
0.0032264362
0.004514998
0.0047603273
0.0048250416
0.004974803
0.0051480914
0.0060773776
0.0059863846
0.0053360583
0.0037711537
0.00086534536
-0.0018701357
-0.0027493187
-0.0014932951
0.0017840756
0.0048462627
0.004786041
0.0011866213
-0.0022670622
-0.004857202
-0.004867472
-0.005427545
-0.0044783484
-0.002241531
-0.0008835465
-0.001849318
-0.0037322077
-0.0049590943
-0.0038645412
-0.0011760861
-0.00031824474
0.0008011333
0.0010962716
-0.00072631356
-0.0028144836
-0.003030437
-0.0008574845
3.637979e-12
