9.094947e-13
0.0010564516
0.003778774
0.0046890248
0.0016259763
-0.00017938121
0.0013554582
0.0040096478
0.005633684
0.0043031154
0.0049108276
0.0040335725
0.0023062795
0.00035612652
0.00029754633
0.0022647432
0.0052994676
0.0051275496
0.0036058358
0.0021933308
-0.0009547978
-0.002586657
-0.0030366995
-0.0031371396
-0.0034486363
-0.0039456347
-0.0046061818
-0.0042200168
-0.0015814097
0.0018654789
0.0034865993
0.0021578656
-0.0022328803
-0.005867456
-0.007912061
-0.0062331506
-0.0041325265
-0.0029105542
-0.0012364134
-1.0913936e-11
