1.6370905e-11
0.0038693678
0.018615574
0.0076523414
0.0101215225
0.02406261
0.0204276
0.03421513
0.035171084
0.024290085
0.041294172
0.044214275
0.04040795
0.030074237
0.010438517
-0.0056937854
0.002417457
-0.006418622
-0.009139167
-0.0034698355
-0.012310658
-0.017080892
-0.025650091
-0.0349978
-0.025154397
-0.02917093
-0.03819207
-0.0347111
-0.016257172
-0.02104317
-0.0011484767
-0.015297898
-0.00936896
-0.012908744
-0.015779337
-0.0028293561
-0.015589653
-0.0023389386
-0.005850476
5.456968e-12
