-6.475602e-10
0.043383587
-0.08667314
-0.010615926
-0.122058325
-0.037822176
-0.1355543
-0.08702655
-0.045882106
-0.076511554
-0.12452702
-0.10982627
-0.20335397
-0.082650684
-0.121217646
-0.17969273
-0.08161518
-0.07682993
0.02597154
-0.027707487
-0.037409842
0.02705514
0.038139023
0.0992867
-0.024079012
0.12134021
0.044969223
0.1040352
0.084570155
0.13696595
0.10192862
0.14191566
0.10172643
0.09404737
0.082664065
0.017517598
0.097058415
0.12428256
0.06012387
0.104889154
0.1421052
0.16848621
0.13517481
0.044112444
0.08166
0.02413038
0.015857937
0.015420958
-6.776303e-06
0.022133652
-0.027402094
-5.671382e-05
-0.028906174
-0.023548244
-0.08973099
-0.018859267
-0.11692087
-0.015115954
-0.11978102
-1.9645086e-10
