3.637979e-12
0.0012201678
0.0016661737
0.0007483448
-0.00042503234
-0.0011671244
-0.0026012987
-0.005157906
-0.005498135
-0.0020570753
0.0018520722
0.00064837513
-0.0011246486
-0.001131013
-0.002593237
-0.0023840049
-0.00035794766
-0.00094495976
-0.0020853067
-0.0046556275
-0.009027199
-0.0066397903
-0.0015684635
0.004255353
0.008267118
0.008055519
0.0068820687
0.0022027572
-0.0012085193
0.0010556737
0.0049971277
0.004505098
0.000496104
0.0007695119
0.0010955939
0.000661847
-0.0026991135
-0.0035035152
-0.0011186918
3.637979e-12
