-7.275958e-12
0.0010223305
0.0016138386
-0.0010187787
-0.0013241409
-0.0028445967
-0.0076784943
-0.014772456
-0.019590076
-0.01734086
-0.011341693
-0.012000391
-0.016870856
-0.017952954
-0.018626427
-0.015398648
-0.012596188
-0.012903427
-0.0075411447
-0.003746483
-0.007020143
-0.013639672
-0.019998187
-0.019183267
-0.0122946715
-0.0074253683
-0.007137046
-0.0067431265
-0.009949064
-0.014911821
-0.015296799
-0.016017836
-0.016864926
-0.01701045
-0.016768513
-0.014709754
-0.013322176
-0.009004024
-0.002736532
2.910383e-11
