9.094947e-13
0.0005696097
0.00095916505
-0.0008682022
-0.0002508896
-0.001489481
-0.0011606436
0.0009799675
4.9825765e-05
0.00041482423
-0.0030425608
-0.0074627525
-0.0067606014
-0.001847411
0.0043845596
0.0082097575
0.008725794
0.008395715
0.0038189036
0.00025455523
0.0015127182
0.0069771726
0.0062166136
0.003021128
0.0019266754
0.0030050818
0.0014108841
-0.0013394677
-0.0031251924
0.00033710868
0.0032567088
0.0018998816
0.00063199946
-2.6902882e-05
-0.0018241042
-0.0034052683
-0.0071867323
-0.0027139487
-0.00069788186
2.728484e-12
