1.4551915e-11
0.0018643308
0.0049687563
0.008519765
0.010535903
0.0072196703
0.002562057
0.0009835401
0.005436584
0.005399081
0.0032814927
0.0025902446
0.0017242517
0.001322263
-0.0012645541
-0.004349047
-0.001538868
0.0019234446
0.00050921226
-0.000108808774
-0.0016424395
-0.0017308303
-0.0038318518
-0.0074789445
-0.0055407383
-0.0017821696
-0.00088040746
-0.0025303788
-0.0024238473
-0.0023930948
-0.0015436781
-0.0007704052
0.00048108888
0.0001642059
-0.0037670257
-0.00971131
-0.0088145165
-0.0052536917
-0.001319775
-1.4551915e-11
