-1.4551915e-11
0.0011535377
0.0024907442
0.0025051723
0.0013716924
-0.00027465483
-0.0033728406
-0.004558759
-0.0032668028
-0.0015485344
0.0008449403
0.0033591897
0.004179387
0.002537678
9.620024e-05
-0.001287962
0.0011316218
0.0033694946
0.0032127746
0.003542381
0.0034929363
0.0030877176
0.00018949088
-0.002211403
-0.0008202505
0.0042481343
0.0055887313
0.0039755567
0.004289495
0.002912492
0.0012721793
-0.00060778693
-0.0011939408
-0.0001761159
-0.0014004762
-0.0038731068
-0.005664637
-0.0036226031
-0.0013102818
-5.456968e-12
