4.3655746e-11
0.0031412132
0.0067028464
-0.018464968
-0.015594621
0.002066862
-0.00425163
-0.005332252
-0.0065045967
0.019813687
0.011383681
0.028844098
0.021109357
0.028244779
0.033845246
0.032861322
0.050137114
0.039272685
0.036488287
0.044666998
0.040110506
0.02232939
0.018580826
-0.0117366295
-0.016937973
0.00456305
-0.0149720665
-0.01429471
-0.028295852
-0.02051929
-0.040192675
-0.04360881
-0.049800575
-0.027909521
-0.033459667
-0.040246718
-0.028607199
-0.016589595
-0.0020441657
6.8212103e-12
