-1.6370905e-11
0.008663978
0.016779857
0.0135221165
0.028603926
0.020923477
0.028471213
0.033990152
0.03221832
0.050420247
0.03987965
0.03571259
0.04479992
0.041586105
0.023161704
0.020008922
-0.0056029586
-0.020419175
0.005182707
-0.014931362
-0.009130247
-0.029027112
-0.020816859
-0.033931937
-0.046222925
-0.044994235
-0.040605076
-0.024827749
-0.041108128
-0.034230106
-0.023440989
-0.0029025087
0.0040383935
-0.013597466
-0.022982828
0.0013789904
-0.001217667
-0.004426694
-0.008842857
1.6370905e-11
