7.275958e-12
0.00096025853
0.0030759254
0.0030048238
-0.0014458892
-0.005735942
-0.006998907
-0.004897085
-0.004346582
-0.00360869
-0.00086867955
0.00066316733
-0.0007826832
-0.0035875447
-0.0047695255
-0.0030944932
2.083223e-06
0.0006540681
0.0015633607
0.0017567186
0.0005524062
-0.0019867767
-0.002858069
0.00028767472
0.0038336567
0.005616801
0.00506406
0.0044927797
0.0045862542
0.0038241178
0.0042096656
0.0039948747
0.0030723694
0.00047719188
-0.0022357132
-0.0041351337
-0.0029440282
-0.002537843
-0.00075294415
1.0913936e-11
