5.456968e-12
0.00097429624
0.0018153817
0.0021684838
0.002974213
0.0044266884
0.00510645
0.005056479
0.005448942
0.007033578
0.0073653683
0.003988873
-0.00013677048
-0.001884591
-0.0010081641
0.00064136385
0.0026427202
0.0042032246
0.0038279728
0.001249796
-0.0030500474
-0.004615086
-0.00523859
-0.004791458
-0.0040600626
-0.00310407
-0.002598299
-0.0033484374
-0.005272929
-0.005360014
-0.0029807547
-0.0003602626
0.00044614496
0.00038189674
-0.0007009344
-0.0020550168
-0.0041609984
-0.0029275215
-0.0010973677
7.275958e-12
