0.0
0.0005447035
0.001257319
0.00039007573
-0.0019019038
-0.0034814714
-0.0022536877
0.000844467
0.0028105834
0.0028007939
0.0029931124
0.0016950185
-0.00052468746
-0.0013804871
0.001374011
0.004747698
0.006912537
0.006838575
0.0061544636
0.0044829017
0.004664933
0.00421974
0.0038181262
0.0019002822
-0.0013884366
-0.003777498
-0.005652747
-0.003963628
-0.002211702
-0.0004819293
0.0017537357
0.0018278017
-0.0016871205
-0.006139569
-0.0070455554
-0.0051267664
-0.0023040227
-0.0018384187
-0.00038863477
4.5474735e-12
