7.275958e-12
0.0011995962
0.0028726922
0.00083914143
-0.0012768033
-0.0023351475
0.0005311769
0.0029702862
0.002836658
0.0033933378
0.0035320558
0.0026148462
0.0011208203
0.00027709623
0.0005987907
0.004345215
0.006524941
0.005927235
0.0037965819
0.0022584463
-0.0010288266
-0.0022323509
-0.0029230546
-0.0029186346
-0.0031935447
-0.0035024704
-0.00479747
-0.0035901528
-0.0005503127
0.0025818583
0.003921111
0.0018236937
-0.0020572126
-0.0059982184
-0.007370878
-0.0062663187
-0.004021351
-0.0035413243
-0.0014121517
2.728484e-12
