-2.910383e-11
0.0059420336
0.023884436
0.016176693
0.017483568
0.022122478
0.03160623
0.035287347
0.039056554
0.038099594
0.03767991
0.05095972
0.044674065
0.03836805
0.018103125
-0.0018595197
0.0013205803
0.0012829206
-0.007429492
-0.01073255
-0.0025739186
-0.02575883
-0.018587887
-0.040777236
-0.03326324
-0.02666449
-0.041657332
-0.041224368
-0.029433988
-0.022977425
-0.00930096
-0.017775085
-0.017143242
-0.016462952
-0.008772878
-0.020780917
-0.0011148711
-0.0084387
-0.0065002786
-1.7735147e-11
