9.094947e-13
0.00075796957
0.0022546998
0.0020744642
0.0018063826
-0.0020245002
-0.0054649776
-0.008372757
-0.0062660393
-0.0011810625
0.0037358417
0.0045754835
0.0066444073
0.0049236156
0.0019135079
0.0013185418
0.001617759
0.002281215
0.002218492
0.0016622078
0.00019531166
0.00024289102
-0.0026734523
-0.0028190638
-0.0007311002
0.0014761065
0.0018659735
0.0007981457
3.109037e-05
-0.0016559132
-0.003834569
-0.006787369
-0.004499318
-0.002991072
-0.0031712458
-0.0025361069
-0.0038728681
-0.0028807123
-0.0010735923
2.728484e-12
