1.891749e-10
0.030061834
0.016104236
0.02611597
0.021995489
0.047055367
-0.010999829
0.010945462
0.055003405
-0.0052446886
0.03563769
0.029475974
0.0055000093
0.026047982
-0.007512814
0.052731194
0.0011035241
0.07260524
0.012044942
0.058357198
0.0038537283
0.010935374
0.025050964
-0.023455119
0.0063228547
-0.02290627
-0.026604746
-0.047828455
-0.054767244
-0.07279891
-0.09763944
-0.067580566
-0.030405324
-0.031878445
-0.012032421
-0.039629262
-0.032576624
0.0019963402
-0.025248064
1.6734703e-10
