3.637979e-12
0.00012150587
0.0006506732
0.0044724112
0.0045660264
0.0017165189
-0.00013647164
0.00029029616
0.0028312209
0.004617491
0.0025008784
0.0021141754
0.0013476048
0.0010401265
-0.00054693257
-0.0006735428
0.0023292666
0.0054041995
0.0052369563
0.0027974513
0.002816666
0.0009152974
-0.0027925894
-0.0044411696
-0.0022702985
-0.0012720836
-0.0026065914
-0.0036335373
-0.003183966
-0.00078332896
0.0007226844
0.0016124516
0.0030129736
0.00050281273
-0.0034010895
-0.008437383
-0.0077993535
-0.003628956
-0.0008525369
0.0
