2.5465852e-11
0.0040041436
0.0149369845
0.017298749
0.019256398
0.029678954
0.027170237
0.02270746
0.015346706
0.013749905
0.0188171
0.010307292
0.003938676
0.006474589
0.008861027
0.0008224405
-0.0026131542
-0.00947995
-0.007635975
-0.008599652
-0.007984651
-0.004676555
-0.0005739776
-0.008693472
-0.019941363
-0.011042038
-0.0071614846
0.002167455
-0.002961611
-0.014654357
-0.012991827
-0.01600558
-0.015605421
-0.01099804
-0.009751086
-0.0057309503
-0.0032749884
-0.008288718
-0.0044601327
-2.910383e-11
