-1.8189894e-11
0.0028738743
0.009808769
0.016301958
0.021726707
0.019251097
0.02622928
0.03695226
0.041606758
0.042234283
0.051763386
0.031538997
0.011643793
0.009369444
0.0077177794
-0.006333457
0.001118239
-0.015489325
-0.0018610661
-0.010254426
-0.008177249
-0.016280897
-0.029933292
-0.026114298
-0.01933558
-0.02150134
-0.020447822
-0.0053236056
-0.014209616
-0.008124824
-0.011495167
-0.020470183
-0.015049772
-0.016512975
-0.0073260535
-0.011949679
-0.015234115
-0.008586929
-0.0039014532
7.275958e-12
