6.82121e-13
0.0016586514
0.0030279653
0.00053551584
-0.003008419
-0.0029846397
-0.0046453075
-0.0060120327
-0.0033543343
-5.594768e-05
0.00041026028
-9.774763e-05
-0.0015008588
0.00093560666
0.0073063895
0.0113575235
0.010458648
0.010801457
0.0053910892
-0.0025722422
-0.0049665743
-0.0025768613
0.0013758244
0.00028585884
-0.0020192813
-0.0017162045
-0.0006632778
-0.0017046335
-0.0017366959
0.00033122464
0.0039422167
0.0048134644
0.0016273257
0.0008900667
0.00190928
-0.003958116
-0.00822713
-0.005601804
-0.00088628917
3.637979e-12
