-3.637979e-12
0.0010843374
0.0035840385
0.0055962657
0.00292488
-0.0015072465
-0.0042945715
-0.0046007624
-0.0038463562
-0.0040799314
-0.0019280515
0.00064938195
0.00013663477
-0.001943455
-0.00446856
-0.004127582
-0.0016425565
-0.00019923135
0.00046295283
0.0009580344
0.0009986849
-0.0018057048
-0.003549966
-0.0013595795
0.0028506715
0.0049764495
0.005718802
0.0053768987
0.005735015
0.0057358677
0.005454484
0.006763313
0.00605544
0.004354327
0.0016158177
-0.0011045017
-0.0023564773
-0.0018754979
-0.0010242118
-2.728484e-12
