3.637979e-12
-3.62345e-05
0.0020153467
0.004625691
0.004418875
0.003721559
0.0031479099
0.003144149
8.8881075e-05
-0.0006524641
0.00048899965
0.0038699359
0.005321296
0.004691073
0.0034346788
0.0011288698
-0.0022309562
-0.0028102817
-0.0028790655
-0.00299919
-0.0031457068
-0.0041270447
-0.0038162684
-0.0024954325
-0.00022196758
0.003372379
0.002757634
9.838678e-05
-0.0050765947
-0.00816348
-0.007819872
-0.0050866157
-0.003713785
-0.002384552
0.0017213558
0.0029936545
0.00022002021
-0.0020668427
-0.001077858
2.728484e-12
