2.728484e-12
0.0010643638
0.0036990617
0.00033133524
-0.0020244413
0.00030925238
-0.0007457059
-0.003454683
-0.0032736608
-0.00079224765
0.0016165846
0.0031788093
0.002068486
0.0028294753
0.0013285306
-0.004524741
-0.006428143
-0.004511076
0.000102028134
0.0019956033
-0.0001640527
-0.0028897868
-0.0040007327
-0.0054659788
-0.0070913467
-0.004852477
-0.0012062604
-0.0019830882
-0.0036517167
-0.00497534
-0.001532367
0.0043251803
0.008503912
0.011570571
0.012708671
0.007995287
0.0013971768
-0.0019346818
-0.0010558901
-7.275958e-12
