-7.275958e-12
0.00036920753
0.00042197973
-0.0024062833
-0.004672918
-0.004528185
-0.0015219842
0.00045736734
0.00054759445
0.0015686286
0.00043763436
-0.001499563
-0.0034516957
-0.001489731
0.002395316
0.0050518624
0.0053049596
0.004689673
0.004303782
0.004128706
0.0037883017
0.004162233
0.0031247702
0.0007951025
-0.0024079648
-0.004334928
-0.0040889014
-0.002815689
-0.0013429656
0.0020609512
0.0036618956
0.0001568112
-0.0045835106
-0.006953809
-0.005475465
-0.004552353
-0.0038446893
-0.0017881251
-0.00033989706
1.364242e-12
