2.910383e-11
0.0024434552
0.009193016
0.017890474
0.020997398
0.022920242
0.027870547
0.022152737
0.018559968
0.008162813
0.0147767095
0.017057057
0.007841622
0.0013240045
0.009995185
0.006831861
-0.0037713246
-0.010708105
-0.009831417
-0.008545817
-0.0073162364
-0.008795232
-0.00053692225
-0.0046092076
-0.011258479
-0.01840869
-0.0054318663
-0.002456787
0.005268492
-0.011507301
-0.018503074
-0.015101764
-0.016117975
-0.015832324
-0.009172515
-0.0056198267
-0.003159855
-0.0051257056
-0.001613434
2.728484e-12
