0.0
0.0018049579
0.006974058
0.0032247955
0.000658191
0.0027939014
0.0014467095
-0.0039396337
-0.004625593
-0.0007967079
0.0042593507
0.00018184807
-0.0063113756
-0.012364356
-0.004297346
-0.010186999
-0.011824507
-0.008682451
-0.00803186
-0.0068130223
-0.0110122515
-0.006420613
0.0001229204
0.0010612895
-0.00042100943
0.00505048
0.0112978835
0.016483203
0.01836104
0.012073844
0.010405556
0.011351568
0.00649953
0.0058572963
0.005976277
-0.00048893504
-0.0039148894
-0.0049513
-0.002111955
1.4551915e-11
