7.275958e-12
0.0018139144
-0.0030721547
0.0111695845
0.02298551
0.02296066
0.02791692
0.029035874
0.027116753
0.017087616
0.018047055
0.00786451
0.011166925
0.015747964
0.0050849123
0.0019213543
0.004476892
0.0001742721
-0.007991878
-0.016997678
-0.014429566
-0.00696336
-0.009759288
-0.010740376
-0.0034841457
-0.00878088
-0.01784347
-0.014228779
-0.00901379
-0.00068156834
-0.0009990912
-0.01693489
-0.023178888
-0.016509224
-0.01795859
-0.012043832
-0.006684596
-0.0029086117
-0.0022982012
9.094947e-13
