1.8189894e-12
8.585758e-05
0.0031018355
0.004166519
0.0023185704
0.0015886954
0.0007867685
-0.00030214037
-0.0006471457
-0.0017809398
-0.0015793515
0.002034585
0.0043699187
0.0021817624
0.0010863008
-0.00074774155
-0.0041001644
-0.0061336607
-0.0044320603
-0.0005555286
0.0008174896
-0.00022321119
-0.0019387745
-0.0021449327
-0.004214047
-0.0019877143
-0.00015959694
-0.0007677845
-0.00073325064
-0.0052441717
-0.006325022
-0.0013942579
0.002879471
0.008663577
0.011434661
0.010901138
0.004664953
0.0010630402
-0.0002602784
0.0
