2.1827873e-11
0.0017711589
0.0032542315
0.0054477495
0.006407935
0.0053212824
0.0027024455
0.0013924309
0.0024459334
0.0032028586
0.0036005152
0.0030859981
0.0017181461
0.0022016058
-0.00030430406
-0.0003285592
0.0012042164
0.0038966988
0.0042848904
0.0038084816
0.0020876613
0.0011080375
-0.0016182842
-0.0051015504
-0.0037213175
-0.00269076
-0.002119457
-0.0025845128
-0.003925978
-0.003970868
-0.001184126
0.00065867783
0.0007510484
5.663908e-05
-0.0029896274
-0.0065215942
-0.009123442
-0.0056241686
-0.0015906969
-3.637979e-12
