3.637979e-12
0.0009009575
0.0029450823
0.005447287
0.0055209137
0.0045388015
0.004616667
0.00446035
0.004643338
0.004570426
0.0031000352
0.00079606357
-0.0021889233
-0.0041076364
-0.0033495822
-0.0017316316
-0.0005547713
0.0022714315
0.0031292709
0.0006730247
-0.0045987125
-0.0071973824
-0.0058243372
-0.0046470794
-0.0032631534
-0.0024081834
-0.00011181523
-2.0710693e-05
-0.0027609966
-0.0042180326
-0.0039917273
-0.00093566603
0.0017747303
0.0021128957
0.0028627522
0.0027777355
0.0005904538
-0.0015175478
-0.00071482017
3.637979e-12
