-1.4551915e-11
0.00090618245
0.0029928861
0.0033255199
0.0026960417
0.0017946342
0.0001833578
-0.003913474
-0.004557979
-0.0034943253
-0.0033755167
-0.0035030069
-0.004187473
-0.0037375072
-0.0022858486
-3.7956517e-05
0.0024081934
0.0039481474
0.0024277803
-0.002732862
-0.0061733485
-0.007173195
-0.0043343003
-0.0019194396
-0.0016429282
0.00088792876
0.0037387563
0.002172646
-0.00094095815
-0.0018544226
6.54583e-05
0.0034508966
0.0026468388
0.0018562782
0.0019016531
0.0013403248
-0.00031388266
-0.0021655697
-0.0010233824
0.0
