-2.2737368e-12
0.00225812
0.021557854
0.014170394
0.033122696
0.02429177
0.030375646
0.041806504
0.028297288
0.058212988
0.032062836
0.039945446
0.03594569
0.03491188
0.019165572
0.0074778944
-0.0120571405
-0.024599895
-0.0023494875
-0.014090503
-0.018820485
-0.02635006
-0.024236342
-0.032980055
-0.046057682
-0.040736448
-0.03206438
-0.021743665
-0.040615648
-0.024954934
-0.015169439
0.0046889307
0.0036520772
-0.020279808
-0.012774723
0.0024596595
-0.0054303585
-0.0051230714
-0.008109982
-1.6370905e-11
