5.456968e-12
0.001193512
0.004830842
3.0084047e-05
-0.0104717035
-0.0077736434
-0.0059712217
-0.010392626
-0.011960694
-0.0078055607
-0.00787519
-0.007403395
-0.0101729315
-0.006130503
-0.00012792327
-0.0008310038
-0.0007594819
0.0023070907
0.009262089
0.016840635
0.014482059
0.011277022
0.008965889
0.010354547
0.005385335
0.005740757
0.0062792622
0.00082508655
-0.0030922196
-0.0039470266
0.003369253
0.0064173276
0.004516671
0.0015943147
0.0038798917
0.0034365908
-0.0047395937
-0.0024619598
-0.0024482096
-1.4551915e-11
