-1.5006663e-11
0.0035082852
0.017388307
0.013957677
0.0065359594
0.013508452
0.028893493
0.032642044
0.040541325
0.032441445
0.030839292
0.023334686
0.008775388
0.007093749
0.0016680147
-0.0014018106
-0.0049143676
-0.007185686
-0.0056014415
-0.0041519506
-0.014165553
-0.027877862
-0.015268574
-0.019139722
-0.01741783
-0.021417584
-0.010478845
-0.0034642806
-0.008184709
-0.014586346
-0.017484352
-0.006790872
-0.0025880279
-0.011305572
-0.017011
-0.012668446
-0.009698241
-0.00802734
-0.004976525
3.8198777e-11
