5.456968e-12
0.0034346473
0.0086809
0.020884616
0.018054213
0.025379386
0.02522108
0.019527007
0.017673085
0.010338498
0.005660501
0.015603483
0.012596097
0.00286566
0.0041119456
0.00808162
-0.0011891348
-0.007888041
-0.016591897
-0.0071710907
-0.0069132913
-0.01125336
-0.0049822815
-0.0038459473
-0.012714449
-0.01781949
-0.015224585
-0.005201665
0.0007301551
-0.0053832233
-0.02166959
-0.018765744
-0.015968809
-0.015659506
-0.009945432
-0.005919323
-9.519176e-05
-0.0022418662
-0.0019018728
9.094947e-12
