9.094947e-13
0.0008955193
0.0012772583
-0.00077444734
-0.0015025854
-0.003965604
-0.0066898596
-0.007113286
-0.0041226055
0.0002401289
0.0019428707
0.00018551278
-0.00052340573
-0.0020268336
-0.0037255618
-0.0030395568
-0.00027818026
-0.0016264654
-0.001882274
-0.0052327104
-0.007913132
-0.0031595754
0.0017529113
0.006458848
0.010999257
0.01069027
0.00643091
0.0011349202
-0.00067672046
0.0008389192
0.004565114
0.0029428026
0.0019339544
0.0011084698
0.00011507033
-0.00061085116
-0.0010390899
-0.0022061837
-0.0009794406
0.0
