3.637979e-12
0.0010800211
0.0026179596
0.0012828932
-0.00027100704
-0.0008156423
-0.0028338744
-0.004964954
-0.0065311496
-0.0029883762
0.0011160274
-0.00017822286
-0.0016675468
-0.0021865726
-0.0037133154
-0.0034348774
-0.0013766068
-0.0019111793
-0.0022668713
-0.005265617
-0.009055968
-0.0065759793
-0.0006722568
0.005880263
0.010038772
0.009906235
0.009146696
0.0036396473
0.0004263529
0.002787013
0.0069440184
0.0047242483
0.0015209153
0.0008180159
0.0014326054
-0.0004984827
-0.0034396371
-0.00362649
-0.0011099798
0.0
