-2.0008883e-11
0.0015855415
0.0031172258
0.0005740867
-0.0037861187
-0.0050550923
-0.004015445
-0.0062622945
-0.0029725952
0.0017624026
0.0017636182
0.0014010916
0.0008104759
0.0030262452
0.007989574
0.012877848
0.011849043
0.012258471
0.0052539255
-0.0014679414
-0.005147331
-0.0043613566
3.0538424e-05
-0.00015792483
-0.0029670268
-0.002109473
-0.002140892
-0.0026213904
-0.0026745996
0.0006637514
0.0010371062
0.00355968
0.001447506
-0.0014144109
-0.0005234971
-0.0020774482
-0.007922215
-0.006057878
-0.0018430019
5.684342e-13
