-2.5465852e-11
0.0020518494
0.003660372
0.0005310814
0.002861938
0.014072899
0.021351345
0.02971815
0.029454857
0.031481892
0.026985556
0.017213544
0.013084432
0.015503088
0.0052577183
0.01067106
0.0052001425
0.003744535
0.0004772994
-0.0021746554
-0.014634853
-0.011223704
-0.010535464
-0.018563708
-0.015031614
-0.0072568143
-0.004288608
-0.0087579265
-0.01656057
-0.007192919
-0.011205332
-0.005355153
-0.006033582
-0.004850926
-0.021375956
-0.01823736
-0.014783105
-0.006837685
-0.002842749
8.6402e-12
