-1.2732926e-11
0.0024611333
0.0039509367
0.006098068
0.005254514
0.00033502092
0.0010668236
-0.0065622022
-0.010583295
-0.0054540937
-0.00049498305
-0.004102475
-0.0078047793
-0.009112184
-0.010313264
-0.00836077
-0.013374757
-0.008891182
-0.005766129
-0.006724806
-0.0122675765
-0.009421536
-0.004471695
0.0021594525
0.0027051526
0.004810674
0.010846422
0.014371
0.0151383635
0.016863093
0.016158752
0.011140516
0.008112455
0.0076857368
0.0067914277
0.009765137
0.0055581513
-0.0040107155
-0.0010333823
0.0
