1.2732926e-11
0.002096508
0.0062631555
0.010758417
0.010896349
0.0068567414
0.00924736
0.008657378
0.010609025
0.009476181
0.004084246
-0.0017320885
-0.0027983095
-0.0041034743
8.716635e-05
0.0009243915
0.0024230732
0.004253442
0.002014661
-0.004784605
-0.0028007184
-0.0034238682
0.00092577655
0.004849945
-0.0016487841
-0.0061600194
-0.00504541
-0.00789906
-0.008473609
-0.008437658
-0.0077619404
-0.0037525138
-0.006591858
-0.0065263184
-0.004042207
-0.0045451364
-0.0069083576
-0.005499055
-0.001692962
5.456968e-12
