7.275958e-12
0.0010562167
0.012691042
0.019524697
0.02619435
0.019082418
0.025832923
0.041668113
0.044943213
0.04181223
0.04126355
0.032642264
0.013321676
-0.0021108598
-0.002751393
0.0039785407
0.0008171464
-0.016165527
-0.01086181
-0.00028761243
-0.017154334
-0.020836387
-0.027449474
-0.027244184
-0.026296226
-0.021722345
-0.022949347
-0.012982334
-0.004575015
-0.021687608
-0.010521437
-0.021175178
-0.013141178
-0.019200973
-0.016008154
-0.0040881312
-0.005281021
-0.0059851175
-0.006178081
3.9108272e-11
