0.0
0.0012320097
0.0033060228
0.0030094238
-0.0016011561
-0.0027512028
-0.004195691
-0.003990136
-0.0064405752
-0.009184692
-0.004427093
-0.00054752117
-0.0040115993
-0.0047096475
-0.0029436839
-0.0070659323
-0.0060003344
-0.0039999336
0.0039769365
0.010394751
0.0072046216
0.0052349386
0.007702222
0.011629852
0.012330495
0.008151206
0.0052163103
0.0041850377
-0.0042848093
-0.008656233
-0.0040030107
-0.0015509026
-0.00054709055
-0.00023559685
0.0003948144
-0.0020795714
-0.0034167473
-0.003628003
-0.0015159525
1.364242e-12
