0.0
0.00065795484
0.001951356
0.0029246842
0.0018161344
-0.0029936687
-0.0062071276
-0.0070965197
-0.005473486
-0.0030183513
-0.0015183459
-0.000333249
-0.002092504
-0.0033767365
-0.0040225172
-0.0031318772
-0.00074975303
0.0025627553
0.0033234954
0.003431187
0.0021778475
-0.00046336866
-2.3710716e-05
0.0024337792
0.0059415963
0.0067291018
0.007362099
0.0057536596
0.0037031488
0.0020695329
0.0025001303
0.0017296643
-0.0013832068
-0.0052927863
-0.0066275233
-0.006458755
-0.0041312957
-0.0019282333
-0.00033386773
0.0
