0.0
0.00061882206
0.0036850404
0.00415269
-0.004877309
-0.0055613955
-0.006747498
-0.008371031
-0.010070719
-0.008738523
-0.008175573
-0.004757433
-0.008344474
-0.0071119233
-0.002343877
-0.0046884855
-0.00609393
-0.002053233
0.0034375517
0.009743955
0.011490969
0.0096849445
0.0074126762
0.009919719
0.008870257
0.011144405
0.008562404
0.0025697371
-0.0015837641
-0.0033659106
-0.0019476931
0.0015098596
0.0017441476
0.004413437
0.005892665
0.0028134799
-0.003318021
-0.0010639068
-0.0005792688
-3.637979e-12
