-7.275958e-12
0.0009038232
0.00472377
0.0033432283
0.0004631796
-6.963045e-05
0.0010398825
-0.0004691393
-0.002696137
-0.004295378
-0.00019586878
0.0030843806
0.0017156224
0.0006471091
-0.00034855254
-0.001360396
-0.004091383
-0.006536347
-0.0032460145
0.000775328
0.0006439814
-0.0012112518
-0.00073473324
-0.0028128354
-0.0016150083
-0.00066731
-0.00055922125
-0.0006975522
-0.004245673
-0.008573165
-0.009097556
-0.0038924455
0.0025597117
0.0056425603
0.0074261483
0.0069359406
0.0031796873
-0.0012673012
-0.0011100618
-7.275958e-12
