4.5474735e-12
0.0013342088
0.0019322642
-0.00020029963
-9.031175e-05
-0.011100313
-0.010260812
-0.01246485
-0.0032807107
0.00079015945
-0.005793052
-0.009524627
-0.011594911
-0.012481667
-0.008890745
-0.009652562
-0.011039837
-0.006382906
-0.00394958
-0.010805901
-0.0060013584
0.000838496
0.0100178905
0.012987334
0.01314153
0.015502874
0.020461451
0.016017001
0.012561002
0.012173647
0.010226266
0.0052395347
0.005307129
0.0045397193
0.009655309
0.003408935
-0.0026265783
-0.006772257
-0.0009129753
-5.456968e-12
