3.637979e-12
0.0018384991
0.0010889791
0.00024165155
0.0063909106
0.012459896
0.016454969
0.016175956
0.011662547
0.007698059
0.009946446
0.005146604
0.007711603
0.0034851597
-0.0013140136
-0.001217196
-0.00059210963
0.007411196
0.0030776775
-0.00071457826
0.00084977143
-0.0015858655
-0.006976694
-0.0043986747
-0.0014249496
0.0019996727
-0.005770199
-0.011787068
-0.008027878
-0.007989544
-0.010332295
-0.010079017
-0.0059186583
-0.007560931
-0.009800155
-0.0070141503
0.0009884437
-0.00048447214
-0.001394917
4.5474735e-13
