0.0
0.0005819185
0.002558006
0.0050265803
0.006712204
0.0063668075
0.005721403
0.003210926
0.0019585073
0.002323646
0.001721606
-0.00021011231
-0.004575323
-0.0058617783
-0.005900033
-0.0036999942
-0.0017857332
0.00021325646
0.0017828152
0.0006397896
-0.0029253126
-0.00583669
-0.0058213174
-0.0041183606
-0.0014567364
0.0006537201
0.001737745
0.0013248312
-0.0011541896
-0.0014602568
-0.0018002258
-9.4394374e-05
0.0024334576
0.003993964
0.0035633557
0.0028101075
0.00013839235
-0.0019955991
-0.0008069616
1.0913936e-11
