2.1827873e-11
0.0016753427
0.004969377
0.008239995
0.010856881
0.009041768
0.0040784283
0.0005948697
0.003537612
0.0062374026
0.0035410877
0.0029815359
0.00255014
0.001972
0.0008796149
-0.0031812117
-0.002412273
0.0018884684
0.0023503765
0.00061482145
9.192745e-05
-0.00033945026
-0.001663794
-0.004828533
-0.0064501716
-0.002143851
-0.00061744446
-0.0013959105
-0.002706197
-0.002213143
-0.0019405436
-0.00090217916
-0.0005689431
0.001049486
-0.0011636554
-0.0067005334
-0.00888755
-0.004978507
-0.0016524777
1.4551915e-11
