3.637979e-12
0.0017233328
0.0068094344
-0.018667264
-0.016956046
-0.013678633
-0.016879342
-0.0043730615
-0.0038120784
-0.0041729882
0.0002509635
0.017610133
0.021756208
0.027738042
0.027630076
0.023842895
0.014780805
0.0075127683
0.019815847
0.004352571
0.003292019
0.006845546
-0.0025820686
-0.017633751
-0.008339761
-0.010965475
-0.01083141
-0.0045062616
-0.008175317
-0.021333864
-0.012010794
-0.00047933203
-0.00036795763
-0.018861588
-0.016652517
-0.012144107
-0.011614643
-0.0022552712
-0.002249216
1.8189894e-12
