5.456968e-12
0.0011543047
0.0035211495
0.004205577
0.0018145894
-0.0014323408
-0.0039888322
-0.0044235727
-0.004474692
-0.003746015
-0.0018914978
-3.9772916e-05
-0.0006282348
-0.0023648597
-0.0043677404
-0.0036009108
-0.0018045893
-0.0006676765
0.0001800989
0.0004044603
-0.0008157798
-0.0030257967
-0.0042354283
-0.0018464162
0.0012940577
0.0036136927
0.0038445904
0.0042029554
0.00412031
0.004726732
0.0052661784
0.005395113
0.004888477
0.0042172708
0.002380358
-0.0014033294
-0.0032431877
-0.0027448738
-0.0010195874
9.094947e-13
