0.0
0.0009699421
0.003263874
0.0017206752
0.00013544183
-0.00036804224
-0.0015625738
-0.004480818
-0.0071702464
-0.006018212
-0.0008892456
-0.0012135806
-0.0015781742
-0.0020118328
-0.0013395443
-0.00013712919
0.0007402212
0.001746936
0.002631924
-0.0012696594
-0.00666745
-0.00598012
-0.0016401717
0.0036123013
0.0072729224
0.010162244
0.01053209
0.0055558877
0.0012999959
0.001835045
0.00598324
0.004844083
0.0027461068
0.0029745242
0.0019450444
0.0018368041
-0.0017820192
-0.0033494062
-0.001208034
5.456968e-12
