7.275958e-12
0.00078042015
0.0061504385
0.004428709
0.008178186
0.01847862
0.015302631
0.011540357
0.016095717
0.0113416985
0.0063663693
0.0034402893
0.005481352
0.008832286
0.005148975
-0.0019012607
-0.002316882
0.0021836823
0.004330043
0.0056715175
0.0002196707
-0.0028727516
-0.0060265632
-0.012774333
-0.010694314
-0.0002708295
-0.0010187479
-0.010323528
-0.011014266
-0.011340279
-0.010640845
-0.013768532
-0.015080901
-0.006526741
-0.0058994275
-0.012798701
-0.013309979
-0.002538139
-0.002267532
1.6370905e-11
