-7.275958e-12
0.0008178761
0.0035178093
0.0047209226
0.0056032445
0.005541023
0.0044592284
0.0020608623
3.354878e-05
-0.00016703953
8.529294e-05
-0.0018280196
-0.0056583807
-0.007465105
-0.0063643437
-0.004227171
-0.0010661841
-0.0002091029
0.0009291458
0.0013937877
-0.0025536213
-0.005831604
-0.0062564164
-0.0049690567
-0.003409715
-0.00082702393
0.0010731937
0.0015384676
-0.00046997902
-0.0025852788
-0.0015104255
0.00028431782
0.0016281907
0.00308767
0.004966642
0.0050015394
0.0034253527
0.00058739114
-0.00023556745
4.5474735e-13
