1.8189894e-12
0.0006395884
0.0014927888
0.0020160119
0.0019106253
-0.0019103448
-0.005331453
-0.004467473
-0.0034649712
-0.0011461565
0.0009502734
0.003211858
0.0022726809
0.00020056742
-0.0023716462
-0.00079632574
0.00048056163
0.0010727027
0.0016422559
0.0029772688
0.0015655948
-0.0005272465
-0.0040776227
-0.0031680258
0.00042526395
0.0028196026
0.0034506274
0.004071277
0.0034708194
0.0019662725
-3.122246e-05
-0.00026602892
0.00052018225
-0.0003820238
-0.0031804587
-0.0059174607
-0.005405979
-0.0023416032
-0.0008774593
1.8189894e-12
