6.366463e-12
0.002225773
0.0074685756
0.011731061
0.012462355
0.008710201
0.010062605
0.0076940367
0.0056157066
0.0067764004
0.0058384454
-0.0017613318
-0.0053765
-0.004231449
-0.0015327951
0.0033959504
0.00030961528
-1.5545986e-05
0.004154455
-5.82675e-05
-0.0066278246
-0.0052287243
0.0011095379
0.0034977475
0.00087331486
-0.006629908
-0.0057687648
-0.0052144947
-0.0100561725
-0.0072296825
-0.009159178
-0.0067339996
-0.0043459847
-0.008477924
-0.006939207
-0.0004994775
-0.0011872238
-0.004837665
-0.002293093
-1.8189894e-11
