-3.637979e-12
0.000989265
0.0022288053
0.0028713683
0.0027012625
0.002137317
-0.0005948856
-0.0018509188
-0.00038728287
0.0031605805
0.005224468
0.006091117
0.0052707414
0.0037814314
0.0032129611
0.003411647
0.0032336623
0.002276683
-0.00053147186
-0.0029290502
-0.0044310065
-0.0041404837
-0.0014653045
-3.653462e-06
0.0021576874
0.0035110246
0.0013475855
-0.0034462705
-0.0061140805
-0.005490495
-0.0028522327
-0.001353778
-0.00033249892
0.001186725
0.0006756034
-0.0014815122
-0.0031908907
-0.0030605332
-0.00075542013
3.637979e-12
