7.275958e-12
0.0011515942
0.0011496225
-0.0025975623
-0.0073225186
-0.00696669
-0.006266193
-0.0051827896
0.0009999928
0.0021763232
0.002273101
0.0019445848
0.00203982
0.0071500926
0.011261245
0.012359319
0.012371395
0.008018979
-6.9438946e-05
-0.0050368947
-0.0034206882
-0.0017994544
0.0006629322
0.00080480066
-0.00046085918
-5.9990503e-05
-0.0011026121
-0.0013416954
0.00049817236
0.0036877864
0.003248398
0.00277726
0.001840837
0.00016696299
-0.0012517789
-0.00420493
-0.0072971643
-0.0025976647
-0.0011329588
2.728484e-12
