3.1832315e-12
0.0010038376
0.0032431432
0.0016085743
0.0021864763
0.0003296437
-0.0016644266
-0.0023875877
-0.0066724764
-0.007732476
-0.00404339
-0.0002609169
0.0016311351
-0.0016016858
-0.007899858
-0.0077532735
-0.008328255
-0.0079418
-0.0027875777
-5.900368e-05
0.001033462
8.6760294e-05
0.0006336607
0.005671244
0.0095875
0.012784787
0.011296481
0.00912063
-0.0007047369
-0.0053169057
-0.0056990255
-0.0036274113
-0.0012255262
-0.0006811576
-0.0028247624
-0.001980528
-0.001849449
-0.0025448198
-0.0013364198
-1.4551915e-11
