-1.8189894e-12
0.00038044745
0.0005421768
0.00042682013
-0.0015037955
-0.0030457445
-0.0037103656
-0.00073241413
0.00040029315
0.000816531
0.0013806478
0.0024813032
0.0030266836
0.0023953991
0.00325274
0.005323359
0.006821069
0.0048130504
0.00073642004
-0.0014543366
-0.00136347
-0.00040714562
0.001428073
0.0039882045
0.005555597
0.0038396567
-0.00013709476
-0.0020137695
-0.0023890599
-0.002529114
-0.0023566205
-0.0019730781
-0.0015953954
-0.0028259638
-0.0056541525
-0.005526899
-0.0030672227
-0.0008876461
-0.00048528728
3.637979e-12
