7.275958e-12
0.00039318568
0.00089152734
-0.002213467
-0.004107068
-0.004195386
-0.0015558315
0.0006795531
0.0009656778
0.0020660278
0.0018336773
-0.00066194794
-0.0026160977
-0.0013601024
0.0027296883
0.0050181067
0.005518724
0.0047562774
0.0051192585
0.0041748798
0.0042713652
0.004411184
0.0044775554
0.0027607593
-0.0002697832
-0.0023366422
-0.0031088765
-0.0026457312
-0.0007637881
0.002745835
0.0054434175
0.0034635095
-0.0014693466
-0.0046820627
-0.004666684
-0.004129268
-0.003663193
-0.0023811867
-0.00048196755
3.637979e-12
