3.637979e-12
0.00032436568
0.0010585983
0.002602187
0.003088672
0.0023658422
0.0010833079
-0.0010973533
-0.0025078265
-0.0019366121
0.0010862758
0.0034277118
0.0048845536
0.0060845595
0.0061481143
0.0055051167
0.0042410986
0.0027085785
0.0020172414
0.0027688544
0.0023937905
0.00028871818
-0.002365334
-0.0045215595
-0.0045073163
-0.0033427957
-0.0013822957
0.0002542844
0.00133088
0.0026312256
0.0024727888
-0.0003704368
-0.0036002568
-0.005720681
-0.0061246036
-0.005319395
-0.0034858524
-0.0017126139
-0.00045766492
3.637979e-12
