0.0
0.00024390087
-0.00013390632
-7.781028e-05
0.00065547123
0.0015782723
0.003139356
0.0047241626
0.0055176523
0.004016433
0.0011390169
-0.00035997113
0.00048397435
0.0008753726
0.0021126806
0.0042294622
0.005649504
0.004542941
0.0020469574
0.00027471874
0.0004457792
0.00010314073
-0.00012261482
-0.00086224393
-0.0017887695
-0.0033846903
-0.0059572253
-0.0068044295
-0.004983989
-0.0033977767
-0.0038701645
-0.004644856
-0.0038965666
-0.0037688832
-0.00418621
-0.00420552
-0.0030506814
-0.0012556145
-0.0003044012
9.094947e-13
