1.4551915e-11
0.0009795788
0.0020296487
0.0010888065
-0.0013760322
-0.0013887291
0.0013041366
0.0033477894
0.0037372443
0.0038366823
0.0036203025
0.0024343245
0.0009523455
-0.0006319647
-0.00069976423
0.0026572335
0.005063856
0.004523833
0.002109403
0.0012822128
-0.0020317873
-0.00258722
-0.0034337859
-0.004033599
-0.0034969707
-0.0043173847
-0.0056692185
-0.0050145555
-0.001526014
0.0018387947
0.003913881
0.0026432918
-0.0006472752
-0.0035292336
-0.0063385763
-0.0055190013
-0.0036176962
-0.0028873743
-0.0013262584
1.8189894e-12
