-7.275958e-12
0.00068837765
0.003417946
0.005696085
0.005822368
0.004930242
0.004302859
0.004187688
0.0034081475
0.0037991386
0.0025366268
0.00031925985
-0.0029391302
-0.004871055
-0.0047844853
-0.0031321247
-0.0015220178
0.001631173
0.0034854484
-0.000105623156
-0.0049604857
-0.0068887826
-0.005209764
-0.0040712813
-0.0034490398
-0.001454162
0.00080336817
-0.00018612517
-0.0033321443
-0.0049365074
-0.0038383342
-0.0005239195
0.00048541653
0.001024286
0.0013911416
-0.00018017658
-0.0023839015
-0.0033830241
-0.0011709414
3.637979e-12
