-5.002221e-12
0.0010664621
0.0026916298
0.003032139
0.0030608918
0.0035704938
0.0030618827
0.0012638245
0.00044574548
0.00023887202
0.0031602653
0.006269216
0.0062966365
0.0044851005
0.0028376312
-7.109536e-05
-0.0018653306
-0.0027821413
-0.002605349
-0.0033494274
-0.0032230052
-0.004268396
-0.0043268865
-0.002025429
0.0013813425
0.0035991804
0.0033042731
-0.00017001817
-0.0039969534
-0.0069622095
-0.007029606
-0.0051693195
-0.0037835788
-0.0027031915
0.0020639033
0.0032157372
0.0017045417
-0.000494402
-0.00061393564
0.0
