0.0
0.0003796689
0.002094757
0.008454619
0.011743672
0.011430171
0.010833987
0.0033154334
-0.002453384
-0.005484164
-0.00258028
0.0007015553
-0.0011810616
-0.0028190059
-0.002688078
-0.0014581862
-0.003369275
-0.000551981
0.0005566024
0.0031951407
0.0036569575
0.0012410536
-0.0015635117
0.00025720662
-0.0054446748
-0.0092166625
-0.005666021
0.00059442973
0.00076874136
-0.002072176
-0.007234909
-0.005671166
-0.007899755
-0.008096694
-0.0033030391
-3.520622e-05
-0.0004990527
-0.00023513503
-0.0007719664
0.0
