2.5465852e-11
0.00435415
-0.007373425
0.012390722
0.016447853
0.005054912
0.027222058
0.03653986
0.05363197
0.042185675
0.038544722
0.060666356
0.045717523
0.054584954
0.033538207
0.042653017
0.029329794
0.0127456505
0.0046823607
-0.018462062
-0.035867885
-0.029638276
-0.02003478
-0.038904153
-0.030124502
-0.058733474
-0.05875043
-0.054956336
-0.056298826
-0.028600976
-0.043381408
-0.026892668
-0.01660035
-0.02015202
-0.0057138707
0.016278207
0.0031358085
-0.010084169
0.00085298566
4.5474735e-12
