4.5474735e-13
0.0014684324
0.00073271076
-0.0018035308
-0.013655848
-0.0074139675
-0.007122406
-0.010894594
-0.010120285
-0.006353783
-0.005787085
-0.0066915276
-0.009261172
-0.003402969
0.0010403902
-0.00042610866
-0.0008922497
0.005126876
0.009603503
0.016235035
0.013403067
0.008056962
0.008131451
0.0072828764
0.0036784164
0.0042343033
0.004675613
-0.0014543065
-0.0033289355
-0.0034577295
0.003986534
0.007065101
0.002013021
0.001709431
0.0021567438
0.0005232091
-0.0058100247
-0.004799959
-0.0017886141
1.4551915e-11
