1.8189894e-12
0.0020650944
0.0051763044
0.0096269
0.011999015
0.012138431
0.005951645
-6.936339e-05
-0.0021078298
0.0010672596
0.0041218456
-0.0006911564
-0.0016300969
-0.0001651824
-0.0013108474
-0.003933977
-0.0025787307
-0.0004258849
0.0019198075
0.0031302553
0.0026436334
0.0034244054
0.00063911016
-0.004065705
-0.0048790216
-0.0020484948
0.0027521015
0.0034495392
0.0018904323
-0.0015170521
-0.0014698069
-0.0043400237
-0.00513306
-0.0014166174
9.697542e-05
-0.0022947513
-0.0039083785
-0.004996802
-0.0016812441
1.8189894e-12
