5.820766091346741e-11
0.09184598177671432
0.22567039728164673
-0.2825038433074951
-0.21795965731143951
0.3197723627090454
0.37501630187034607
-0.01950554922223091
-0.22253906726837158
-0.0915064886212349
-0.0474507212638855
-0.08503476530313492
0.0402102917432785
0.10869069397449493
0.01428253948688507
0.034714795649051666
0.08088784664869308
-0.03455420956015587
-0.12924915552139282
-0.06845953315496445
0.09444692730903625
-0.0008244616910815239
0.017320264130830765
-0.024890420958399773
-0.013321708887815475
-0.030305858701467514
0.07343291491270065
0.06626223772764206
0.005336131900548935
-0.16575734317302704
0.026335101574659348
0.07249812036752701
-0.1211094781756401
0.049411334097385406
0.04271349683403969
-0.020718373358249664
0.01740822196006775
0.15109676122665405
-0.04161348193883896
-0.310584157705307
0.021694809198379517
0.3005489408969879
0.08745768666267395
-0.4408666491508484
0.023925796151161194
0.30478033423423767
0.15238773822784424
-0.377154678106308
-0.055325236171483994
0.2587023079395294
0.08822038024663925
-0.23620186746120453
-0.09361656755208969
0.06969378888607025
0.08837035298347473
0.0013789981603622437
0.04144567623734474
0.04631960391998291
-0.16176310181617737
0.015914812684059143
0.10945720970630646
-0.13914576172828674
-0.017327236011624336
0.03633219003677368
0.09870095551013947
-0.06478574126958847
0.05922139808535576
-0.05501710996031761
0.026219522580504417
-0.04556821286678314
0.12592892348766327
-0.05611245706677437
-0.17162291705608368
-0.031308580189943314
0.08045384287834167
0.08692880719900131
0.0591944120824337
0.09199303388595581
-0.03157653287053108
-0.14788714051246643
-0.03955872729420662
0.007093265652656555
-0.20529229938983917
-0.057113926857709885
0.37118959426879883
0.37346482276916504
-0.14721834659576416
-0.4892008900642395
-0.06358025223016739
-0.0002649477683007717
