8.276402e-11
0.013526984
0.04304702
0.09479372
0.14939386
0.22539258
0.25893125
0.2465667
0.21560037
0.25401533
0.3088623
0.34320164
0.36309683
0.34258637
0.3208322
0.27237946
0.2500816
0.3067117
0.3528229
0.36438492
0.33888316
0.28296643
0.17949161
0.033155277
-0.055846326
-0.083637744
-0.107982814
-0.15004696
-0.24703045
-0.34099105
-0.43537724
-0.45381293
-0.44653592
-0.42709646
-0.4155974
-0.42055905
-0.42405754
-0.41210353
-0.41248608
-0.41865095
-0.4068914
-0.34677258
-0.2785915
-0.21326587
-0.21112788
-0.23919845
-0.26242757
-0.2775491
-0.24976325
-0.19671223
-0.11403051
-0.043627504
0.010025781
0.09020367
0.18913972
0.2816116
0.3562452
0.40464205
0.41517133
0.3830247
0.35247943
0.37044755
0.3996365
0.39948955
0.3609134
0.28906062
0.23952985
0.19171739
0.13945456
0.0794034
-0.010974158
-0.08962366
-0.15720153
-0.16152234
-0.1896359
-0.21621901
-0.2312343
-0.20320708
-0.16987494
-0.11907449
-0.07866985
-0.08466248
-0.07861845
-0.096464396
-0.14009483
-0.13456295
-0.11320711
-0.07874331
-0.03705897
-0.0254679
