2.1100277e-10
0.02335031
0.075345874
0.16252619
0.26845554
0.3409177
0.4035902
0.42196292
0.3969489
0.37318808
0.37979922
0.40633324
0.40800595
0.37751594
0.31121343
0.25305712
0.21137841
0.15514329
0.1086709
0.02744624
-0.052277755
-0.13933375
-0.1632974
-0.18953775
-0.21154328
-0.21896727
-0.21099032
-0.17288357
-0.13292377
-0.08128632
-0.07914447
-0.08184612
-0.07458836
-0.12763299
-0.13281035
-0.12732153
-0.091386124
-0.036255475
0.012505828
0.050948344
0.10540634
0.17267643
0.22476283
0.27380374
0.2509484
0.23514381
0.27502283
0.311061
0.3489808
0.35642564
0.3416652
0.3139854
0.26161233
0.25479797
0.31488144
0.36901563
0.37257737
0.34189653
0.29030842
0.16445369
0.02631016
-0.07146864
-0.093904436
-0.117294006
-0.16327688
-0.26351154
-0.3616809
-0.44585973
-0.45948255
-0.45075533
-0.42494804
-0.42056212
-0.43930197
-0.4403998
-0.43664458
-0.42810583
-0.42843455
-0.40972257
-0.35057092
-0.28451115
-0.21515197
-0.21263054
-0.24924192
-0.27457756
-0.2895289
-0.25458094
-0.19707
-0.11010982
-0.06549141
-0.04596288
