3.274181e-11
0.017368976
0.027311163
0.07403383
0.11177806
0.19999638
0.23152846
0.2575846
0.21232888
0.22287142
0.29071677
0.3190418
0.3651347
0.35672817
0.33255902
0.30099386
0.23568141
0.2677945
0.32189324
0.34782714
0.34775734
0.30962533
0.23730427
0.09436043
-0.043739773
-0.090044454
-0.10929461
-0.11375956
-0.1866481
-0.29615772
-0.390024
-0.46119934
-0.43843657
-0.42956418
-0.3980007
-0.41021365
-0.40899783
-0.40786174
-0.3993988
-0.40645087
-0.39841294
-0.36671495
-0.29931
-0.23753804
-0.19168836
-0.20691927
-0.23899883
-0.25345773
-0.26697558
-0.21002492
-0.14390819
-0.060476206
-0.015098351
0.047482368
0.12878564
0.22583906
0.30659562
0.3733013
0.40450662
0.4012609
0.35942954
0.34079245
0.36464003
0.39293364
0.3766923
0.32236946
0.25164226
0.19983086
0.14040655
0.09455849
0.025107762
-0.056498528
-0.12527007
-0.15068163
-0.16245246
-0.20119926
-0.22114104
-0.23554143
-0.19299926
-0.14621165
-0.09784437
-0.06961617
-0.08376407
-0.06617461
-0.124822766
-0.14103204
-0.11149288
-0.1005778
-0.054030772
-0.03546384
