5.16593e-10
0.019466722
0.03741147
0.099488646
0.14760327
0.22048989
0.26363003
0.2617908
0.23559251
0.25833437
0.307948
0.3372976
0.35986066
0.34801716
0.31840348
0.27932087
0.24460644
0.29947007
0.3602801
0.37480953
0.35212523
0.307286
0.2010624
0.05992302
-0.056769982
-0.08643256
-0.11471248
-0.14455754
-0.23488423
-0.3391378
-0.42652494
-0.46446896
-0.45254007
-0.43302864
-0.41797975
-0.43442652
-0.4416365
-0.4385855
-0.42831445
-0.43037224
-0.41575503
-0.3706297
-0.3026656
-0.2298653
-0.2066397
-0.23897788
-0.26919416
-0.29024324
-0.2667681
-0.21615125
-0.13362111
-0.05985398
-0.005832011
0.075424865
0.1661715
0.26603073
0.34127116
0.4028478
0.4247876
0.3986685
0.3732863
0.37894377
0.40813655
0.40998882
0.37584794
0.30597165
0.24732366
0.20491128
0.1534306
0.10663438
0.0251225
-0.057766005
-0.14534602
-0.16724512
-0.19052023
-0.21353814
-0.22599615
-0.21783045
-0.18336834
-0.13992412
-0.089368336
-0.07462288
-0.078221016
-0.08003551
-0.12834224
-0.1403561
-0.12592348
-0.105813906
-0.05473854
-0.03929254
