-1.4551915e-11
0.016011763
0.040876757
0.09915699
0.16911174
0.23285535
0.27006125
0.24227598
0.22326842
0.2664696
0.31281507
0.3435022
0.35756722
0.33710077
0.3218398
0.26954114
0.24980915
0.3100857
0.35744986
0.37005505
0.3364223
0.27903748
0.17230883
0.02183152
-0.06586342
-0.09320646
-0.11470703
-0.14526479
-0.24912983
-0.34679076
-0.44020528
-0.45377064
-0.44303888
-0.42450255
-0.4174065
-0.42946723
-0.42874065
-0.4177308
-0.41449332
-0.41802558
-0.40739083
-0.3448095
-0.27999756
-0.21616204
-0.20861489
-0.24304225
-0.26851186
-0.2781938
-0.25118476
-0.19766632
-0.11243941
-0.04456287
0.018806593
0.0930849
0.1881219
0.27810544
0.3490997
0.40893954
0.42442688
0.3941321
0.3652112
0.37622893
0.40210205
0.4011031
0.36664099
0.29172382
0.23996563
0.20169309
0.15367994
0.097552925
0.006950996
-0.08042693
-0.15269206
-0.16461852
-0.19537295
-0.22065128
-0.23280612
-0.20157424
-0.16791229
-0.11995452
-0.0747754
-0.09159096
-0.07595253
-0.0940242
-0.13407847
-0.1345592
-0.12821585
-0.08528054
-0.051303543
-0.035374507
