-5.002221e-12
0.018450428
0.0093660895
0.052437186
0.09651429
0.035946425
0.075002745
0.08891924
0.030242298
0.022260813
-0.0034387568
-0.022376053
-0.042899195
-0.03390605
-0.033338297
-0.05069053
-0.046314225
-0.0071139894
-0.046330724
-0.017110344
-0.021234721
0.048340313
0.069084615
0.046376258
0.064931236
0.065053485
-0.0019326052
0.042913202
-0.015176083
-0.046616696
-0.013314968
-0.080946766
-0.0690074
-0.038838305
-0.052718375
-0.054274563
-0.054982074
-0.049462438
-0.014208035
-2.055458e-10
