2.4374458e-10
0.022298358
0.06713129
0.15202495
0.2541038
0.32501504
0.39374316
0.41441375
0.39202744
0.34809113
0.34511417
0.3735347
0.38745475
0.35988155
0.29857945
0.23901175
0.19379465
0.13669525
0.09098586
0.0067982674
-0.076282434
-0.1519036
-0.16050978
-0.18310441
-0.21206865
-0.22582394
-0.21706432
-0.17487067
-0.1276292
-0.08961731
-0.07610881
-0.09193131
-0.07868107
-0.14052884
-0.14076224
-0.12102733
-0.088155866
-0.02407378
0.019345976
0.04169493
0.097441554
0.16143718
0.22112966
0.2681956
0.23191628
0.22077142
0.2666139
0.3143245
0.35028163
0.36253664
0.34627944
0.32930574
0.26753768
0.24118313
0.31072924
0.3539762
0.3650482
0.3305669
0.27182096
0.1650115
0.0141713945
-0.068960726
-0.088255756
-0.10426951
-0.14317074
-0.25098452
-0.35159543
-0.43338272
-0.45699623
-0.43063432
-0.41573894
-0.4056927
-0.4158556
-0.41576695
-0.40480158
-0.40452385
-0.41595432
-0.39759526
-0.3380138
-0.27209136
-0.20383114
-0.1989459
-0.22926213
-0.2506935
-0.26977316
-0.25441614
-0.1875535
-0.11092602
-0.05894111
-0.040562924
