2.4738256e-10
0.019249393
0.06420842
0.14814694
0.2470221
0.32114542
0.38282484
0.4096189
0.39268538
0.35170156
0.3428315
0.3729319
0.39062548
0.3724357
0.30464512
0.24212179
0.1878016
0.1303345
0.083195664
0.007811496
-0.06898582
-0.13549775
-0.1514085
-0.1673318
-0.20772874
-0.22451101
-0.23225453
-0.1860447
-0.13514854
-0.08965385
-0.07153821
-0.0805309
-0.07120826
-0.13376243
-0.13791262
-0.10829951
-0.09158847
-0.022590358
0.023171324
0.03195169
0.10332343
0.16251457
0.2258982
0.26704383
0.23189
0.21140465
0.2594617
0.30559152
0.34274822
0.36217016
0.34136403
0.33020273
0.2654341
0.24459016
0.2917887
0.34897822
0.3546139
0.3384764
0.27481186
0.15696597
0.013718767
-0.07067571
-0.08893679
-0.09799814
-0.14064729
-0.2518896
-0.3545961
-0.44530314
-0.45443046
-0.43769112
-0.40908676
-0.40968955
-0.4135432
-0.4139653
-0.3960535
-0.39890367
-0.4106948
-0.39932206
-0.33836073
-0.27012828
-0.20363817
-0.20017873
-0.23294371
-0.24807017
-0.26142856
-0.23704882
-0.17490034
-0.09990327
-0.05941106
-0.041812085
