-3.0195224e-10
0.021185536
0.072907306
0.16325992
0.26637816
0.3382193
0.39751825
0.41750258
0.39184174
0.35654688
0.36342514
0.39344823
0.40338027
0.37513018
0.3077308
0.24918589
0.20571029
0.15255307
0.09710125
0.01525796
-0.06971626
-0.14337473
-0.1622113
-0.1800137
-0.21045464
-0.22869548
-0.2170188
-0.17762253
-0.13463372
-0.09137201
-0.07478058
-0.09010368
-0.07750759
-0.13349392
-0.14235412
-0.11459449
-0.09645647
-0.0331427
-0.005879552
0.03991247
0.09632915
0.1626021
0.2317246
0.26770502
0.2460792
0.22242483
0.2626347
0.31198657
0.34094414
0.35883838
0.3378024
0.3227147
0.2735353
0.24715276
0.3078131
0.35511404
0.37099385
0.33873487
0.28183857
0.17933923
0.026752174
-0.06322184
-0.092266314
-0.11393152
-0.14300777
-0.24462923
-0.34305775
-0.43707222
-0.45472014
-0.4430446
-0.42562696
-0.4169237
-0.42928147
-0.42886865
-0.41809314
-0.41427
-0.4182074
-0.40799886
-0.34743726
-0.2816901
-0.2177872
-0.20776483
-0.2421669
-0.26798102
-0.27812952
-0.25285038
-0.19822565
-0.117433846
-0.06336297
-0.04641703
