-9.458745e-11
0.02274707
0.0768786
0.16807547
0.26752502
0.3425289
0.40375376
0.42476642
0.39793006
0.37304872
0.37934572
0.40855715
0.40974772
0.3747825
0.30452007
0.24645975
0.20384571
0.15265563
0.105281
0.023218324
-0.05952714
-0.14630154
-0.1675029
-0.19111095
-0.21383967
-0.22631796
-0.2170827
-0.18289919
-0.13849401
-0.08808779
-0.07554099
-0.07744814
-0.08083255
-0.12926275
-0.14005049
-0.12637222
-0.10238408
-0.03489755
0.0118062645
0.056621585
0.11001107
0.17802508
0.22822523
0.28196084
0.24856102
0.23787785
0.27087864
0.31291097
0.34695628
0.35916987
0.34612393
0.32295498
0.26493597
0.25452587
0.32146108
0.36650518
0.37185338
0.34419143
0.28842422
0.17270406
0.017398696
-0.06741266
-0.09554927
-0.10891387
-0.1593558
-0.26904193
-0.3724136
-0.44922385
-0.46494383
-0.45336634
-0.4319977
-0.42107528
-0.43443274
-0.4385724
-0.43852317
-0.4340205
-0.43361205
-0.41850165
-0.35213917
-0.28731892
-0.22029859
-0.21407598
-0.25388703
-0.27903956
-0.29319426
-0.25436503
-0.19130048
-0.10757719
-0.06587312
-0.046097208
