-1.4551915e-11
0.017622188
0.02382438
0.07930633
0.12194465
0.21193817
0.24322124
0.2570934
0.21722755
0.2402223
0.305479
0.32996264
0.3672499
0.35397333
0.33494878
0.3008383
0.23043743
0.28723142
0.34082353
0.36546922
0.34937066
0.29150113
0.21723646
0.060890317
-0.04947486
-0.082684785
-0.10198166
-0.118716426
-0.21332064
-0.31990647
-0.40947843
-0.45943698
-0.43575722
-0.4237912
-0.40427527
-0.41216052
-0.41903275
-0.4054021
-0.40550137
-0.41285625
-0.4079547
-0.35764182
-0.29272163
-0.21838245
-0.19507748
-0.21916373
-0.24737966
-0.26292515
-0.26706415
-0.20598015
-0.13325162
-0.049947444
-0.0049880976
0.06940437
0.15521659
0.26205564
0.33601448
0.39533293
0.4139294
0.38809007
0.35172573
0.34937155
0.38224894
0.39833242
0.37556463
0.31309587
0.2502592
0.19937617
0.13931301
0.08665906
0.006071969
-0.07726516
-0.14692904
-0.16215235
-0.18279406
-0.21430704
-0.22853273
-0.2214684
-0.17658612
-0.12847137
-0.08637543
-0.080465056
-0.08435642
-0.093926474
-0.14436322
-0.13996848
-0.11359196
-0.07715138
-0.04253641
-0.02810418
