9.1858965e-11
0.024907213
0.07229376
0.157215
0.26022035
0.32652736
0.39887032
0.42346036
0.4048911
0.36953825
0.37020308
0.39592496
0.4055944
0.37798598
0.31287032
0.24745624
0.21504986
0.16254091
0.11558563
0.031052116
-0.06224552
-0.13971898
-0.1645965
-0.18492408
-0.2172256
-0.23087339
-0.21336064
-0.1757954
-0.12930882
-0.08584824
-0.08344206
-0.08148123
-0.08550848
-0.12585837
-0.13987777
-0.12691267
-0.09811424
-0.04459359
0.0025885375
0.049138796
0.10051085
0.1717327
0.22448584
0.2681191
0.23877761
0.22773494
0.26114175
0.30251285
0.34302077
0.35921684
0.34634253
0.32511848
0.26486376
0.2500286
0.3053945
0.36207563
0.36060542
0.3354692
0.28591746
0.17769086
0.030369824
-0.065065175
-0.08815547
-0.11178295
-0.15663971
-0.2606995
-0.35589314
-0.44426265
-0.46279943
-0.44967532
-0.42463458
-0.4175297
-0.42731076
-0.43888834
-0.43219438
-0.42617288
-0.43119386
-0.4094322
-0.35550642
-0.28492078
-0.22078083
-0.2079488
-0.24101725
-0.26598287
-0.28481296
-0.262207
-0.20835535
-0.119424686
-0.06582048
-0.048069783
