5.820766091346741e-11
0.05947129428386688
0.1978088617324829
-0.041197262704372406
-0.27120277285575867
-0.058927398175001144
0.12343820929527283
0.2684060037136078
0.07779373228549957
-0.008972247131168842
0.08762791752815247
0.02380656637251377
-0.17895446717739105
-0.221062570810318
-0.0352741964161396
0.18541266024112701
0.10813000798225403
-0.07781364023685455
-0.11645562946796417
-0.06186886131763458
0.0014554020017385483
-0.00713413767516613
0.14063964784145355
0.054579682648181915
0.03635117784142494
0.08703488111495972
-0.006062762346118689
0.042931679636240005
-0.13433566689491272
-0.24182379245758057
-0.16828984022140503
0.1747390627861023
0.18731079995632172
0.04503599554300308
-0.07232373207807541
-0.04950661584734917
0.035005562007427216
0.06218798831105232
-0.11754533648490906
0.010076098144054413
0.21275591850280762
0.06116105616092682
-0.2042650580406189
-0.3325760066509247
0.08227695524692535
0.25032898783683777
0.24032790958881378
-0.09888836741447449
-0.24137760698795319
-0.09459485858678818
0.07468164712190628
0.058478955179452896
-0.07423706352710724
0.03376822918653488
0.1617448925971985
0.00428672693669796
-0.084740050137043
-0.04152725636959076
0.043567728251218796
0.1832377314567566
-0.012938160449266434
-0.19885143637657166
-0.178801029920578
-0.009588212706148624
0.007090229541063309
0.05204685777425766
0.15090809762477875
-0.024988612160086632
0.07826169580221176
0.03801334276795387
0.04131583869457245
-0.030207356438040733
-0.11164794862270355
-0.12937214970588684
-0.012254409492015839
0.2170402556657791
0.07929530739784241
-0.12456635385751724
-0.24236832559108734
-0.0800851434469223
0.05405852571129799
0.03815407678484917
0.03216077387332916
0.303383469581604
0.2719554901123047
0.05054127052426338
-0.36002975702285767
-0.3224171996116638
-0.0520051084458828
-0.00019923491345252842
