-5.7298166e-11
0.018712081
0.015298253
-0.0037710238
0.085814916
0.09980565
0.09824714
0.06587277
0.051421296
-0.00063639414
0.03289513
0.0013001394
-0.016571678
-0.074076615
-0.09109635
-0.034730226
-0.086188234
-0.051484987
-0.054010667
-0.026486844
-0.008325808
0.028835438
-0.00392001
0.0074566714
0.012576108
0.05225206
0.046057347
0.08416502
-0.0018393202
-0.04068421
-0.045264103
0.014444923
-0.077227384
-0.040740356
-0.031168956
-0.040396087
-0.0065917834
0.01471445
-0.0062487433
3.6379788e-11
