1.0913936e-11
0.007457561
-0.021794949
0.038034327
0.08173323
0.11228985
0.123286396
0.09215184
0.058348842
0.0037898705
0.022048986
0.008264174
-0.015218599
-0.08487001
-0.08847881
-0.055409685
-0.07794618
-0.062379174
-0.048568822
-0.02588901
-0.01572026
0.026823666
0.021074628
-0.0027211527
0.016262054
0.0044306535
0.066655524
0.05657583
0.06368459
-0.0022292556
-0.029466538
-0.065668106
-0.00060842745
-0.07501572
-0.06959532
-0.052524395
-0.027964238
-0.034170605
-9.941109e-05
-1.8189894e-12
