5.820766091346741e-11
0.05642511695623398
0.19438189268112183
-0.020737633109092712
-0.2542495131492615
-0.13105902075767517
0.09628158807754517
0.26482856273651123
0.14942869544029236
0.11185221374034882
0.02489074319601059
-0.06615805625915527
-0.20543110370635986
-0.11029565334320068
0.03382895886898041
0.02940613031387329
-0.024443738162517548
-0.08634534478187561
0.012735705822706223
0.14439187943935394
-0.0033867210149765015
-0.1678389459848404
0.08219055086374283
0.16251449286937714
0.12501847743988037
-0.03550226241350174
-0.1865798681974411
-0.04739002883434296
0.05084863305091858
-0.06453166157007217
-0.09447135776281357
0.083961620926857
0.09870080649852753
0.10812533646821976
-0.0653698667883873
-0.10999920964241028
-0.09663648158311844
-0.05118284747004509
0.0007097087800502777
0.15666928887367249
0.2722126841545105
0.09751609712839127
-0.199398472905159
-0.3584093749523163
-0.010794080793857574
0.18765126168727875
0.18161484599113464
-0.10620562732219696
-0.2145606279373169
-0.0647202655673027
0.12805965542793274
0.13785238564014435
0.07987838983535767
0.002348642796278
-0.03903118893504143
-0.10026481747627258
-0.11688334494829178
0.07764765620231628
0.07527586817741394
0.08763420581817627
-0.03253105282783508
-0.07402390986680984
0.011871297843754292
0.02388284169137478
-0.18238413333892822
-0.1392299085855484
0.1231747567653656
0.13834376633167267
0.14442726969718933
-0.05788807570934296
-0.0755513608455658
0.07994304597377777
0.07073470205068588
-0.10429573804140091
-0.07034958899021149
0.02496292255818844
0.03333916515111923
-0.00692560151219368
-0.18145878612995148
-0.12008319050073624
-0.03159736841917038
0.05989533290266991
0.13710816204547882
0.3016704320907593
0.27625808119773865
-0.00030005723237991333
-0.37425464391708374
-0.306203693151474
-0.05086560547351837
-0.00019270101620350033
