2.694378e-11
0.08721634
0.16849348
0.23794872
0.2237198
0.16751963
0.11842412
0.17239828
0.14071208
0.10670094
-0.023330666
0.10449077
0.20732847
0.30384037
0.34013516
0.31880596
0.3208241
0.29951972
0.41524237
0.36575276
0.260472
0.048463613
-0.035462312
-0.122532174
-0.12195885
-0.16745245
-0.21577923
-0.21173345
-0.087317824
0.034126006
0.13171521
0.079066195
-0.10392535
-0.2964014
-0.35361952
-0.25742197
-0.083691835
0.0053595062
-0.0062890574
-0.101772815
-0.21016726
-0.20868969
-0.23939794
-0.26242477
-0.31180003
-0.34225327
-0.33238298
-0.27864107
-0.24839717
-0.23074768
-0.4163541
-0.0371761
0.045261763
0.25472927
0.5471869
0.12268988
-0.1470445
-0.13843279
0.07954821
-0.030141087
