-1.200533e-10
0.35269022
0.07455022
0.28450266
0.5470606
-0.017842172
0.1478303
-0.5794114
0.34971967
0.105043635
0.6235124
0.24916093
0.39101997
-0.08853007
0.0015877075
0.23175192
0.2020954
0.16050734
0.18214658
-0.25479084
-0.2521269
-0.3186335
-0.17665663
0.015846863
0.1512018
0.090538904
0.08752592
-0.013093002
-0.28796503
-0.26274773
-0.25904608
-0.096191816
0.08864926
-0.010519665
-0.1492632
-0.26814976
-0.2876623
-0.12386856
0.012888417
0.0900355
-0.22271192
-0.358297
-0.44132867
-0.284253
-0.16257226
0.081789695
-0.072713524
0.07729949
-0.076439306
0.061626047
0.10952109
0.1934053
0.11876843
0.1178097
-0.0014643865
-0.021084137
0.0006513628
-0.030989807
-0.08873458
-0.06773801
