-3.6743586e-10
0.16853637
0.10601481
0.2969157
0.1957239
0.0505025
-0.06655318
-0.04481519
-0.07745467
-0.052768905
0.20825338
0.12446849
0.19422491
0.14977245
-0.09179334
0.058416836
0.14387143
0.31652912
0.15696804
0.12592499
0.02184166
-0.48441085
0.48153013
0.20009433
0.56862205
0.13481563
0.3294825
-0.1907673
-0.015627943
0.07509223
0.0098229665
0.09012335
0.050684642
-0.28563595
-0.21015708
-0.18961874
-0.026209615
0.12809296
0.1274022
0.04749105
-0.079557896
-0.1726431
-0.25333306
-0.24714874
-0.16801387
-0.0024775276
0.06165335
-0.016706929
-0.13558266
-0.2906289
-0.20523456
-0.117429115
0.025846032
-0.0028058141
-0.24877259
-0.3217532
-0.39527664
-0.1041341
-0.12080525
-0.019295977
