1.1823431e-11
0.0865133
0.07054456
0.010728715
-0.036719333
0.008762591
-0.18921436
-0.13756421
-0.09107195
-0.13931404
-0.083891034
-0.06367745
-0.1601603
-0.2178796
-0.2549142
-0.08653664
-0.0058385096
0.15814595
-0.06628577
-0.35572857
-0.46784806
-0.41165796
-0.16374439
-0.0076413434
0.114691705
-0.19013938
-0.25446218
-0.2773994
-0.017771583
0.16939479
0.37867066
0.34994578
0.23478407
-0.17305106
-0.15374687
-0.04461638
-0.383443
0.54504454
0.23570257
0.21361865
0.24146996
0.19937104
-0.4008195
0.2302869
0.04105904
0.4033039
0.25769424
0.2987122
-0.13967143
-0.21990483
0.20389147
0.5243936
0.39119983
0.32066834
0.33465314
-0.3139242
-0.10615259
-0.115126684
-0.051476225
-0.02391875
