9.094947e-13
0.006745559
0.031938434
0.03957428
0.056068804
0.0499003
0.043868765
0.030000562
0.023235742
0.026166629
0.022566723
0.03636035
0.04355778
0.056905806
0.06802856
0.074025035
0.08925363
0.07254641
0.072683245
0.070955426
0.0678481
0.0793681
0.06440719
0.08148396
0.07847153
0.085034996
0.07881943
0.05485918
0.04292173
0.015406175
-0.0142878555
-0.03787479
-0.044618256
-0.043729797
-0.044539474
-0.036567673
-0.029705683
-0.025815219
-0.023668382
-0.025407862
-0.041606598
-0.048713796
-0.06440524
-0.069874346
-0.071862265
-0.07181871
-0.07070891
-0.07351919
-0.06699356
-0.06316758
-0.061365746
-0.065195434
-0.07162268
-0.07396263
-0.070952706
-0.069219425
-0.043625213
-0.026860733
-0.010655887
-0.0029235838
