1.5916157e-12
0.042218752
0.0014678235
-0.025488205
-0.112678744
-0.15882346
-0.20938776
-0.18076609
-0.13220197
-0.15334581
-0.123135954
-0.10561382
-0.16337538
-0.18124153
-0.2027134
-0.2158797
-0.319502
-0.40280548
-0.39698145
-0.37995
-0.404256
-0.36184144
-0.5345114
-0.010431685
0.1314624
0.33684692
0.264629
0.18981157
0.06001403
0.0021490415
-0.018205732
0.03337781
0.068462454
0.13143077
0.1351127
0.16727768
0.19761421
0.16365531
0.15466087
0.106414706
0.12015739
0.1365821
0.15982027
0.2620522
0.29872012
0.3607316
0.40766397
0.42466754
0.50915116
0.39131325
0.37961382
0.136329
-0.049294095
-0.17725441
-0.25873086
-0.2568981
-0.14466888
-0.056267925
-0.03268471
-0.009043376
