7.503331e-12
0.029949002
0.034360193
0.006223662
-0.079812214
-0.15758343
-0.19437975
-0.19499522
-0.16727808
-0.1667247
-0.13421007
-0.09520313
-0.13587072
-0.16308782
-0.18345803
-0.21238041
-0.28437954
-0.36373848
-0.4001127
-0.37977284
-0.36201128
-0.37330043
-0.43557322
-0.39192885
0.0013672337
0.35981953
0.3443542
0.22368488
0.09404201
0.0249829
0.00764493
-0.022997178
0.07678785
0.08934103
0.12865843
0.20609939
0.18864365
0.18083538
0.14617012
0.13174522
0.12029717
0.09611392
0.16810252
0.21837336
0.27611455
0.34505114
0.37932035
0.42611548
0.511426
0.4000843
0.38955176
0.15874784
0.00945476
-0.082811
-0.28689805
-0.30141282
-0.18932265
-0.087011434
-0.015703365
-7.6397555e-11
