-3.0013325e-11
0.20776832
0.20581657
0.34494594
0.24163237
0.12675862
0.00018909015
-0.013806447
-0.0202196
0.062400114
0.120962836
0.1318449
0.17291395
0.18511266
0.18677866
0.16197751
0.12643303
0.12040196
0.10340575
0.1638661
0.23729467
0.28158665
0.3493425
0.38886124
0.4710759
0.412615
0.56413317
0.3568329
0.22089374
0.014804523
-0.11624332
-0.30683026
-0.26325458
-0.16222627
-0.097749904
-0.023155704
0.02607006
0.022397498
-0.089873046
-0.14597702
-0.15581574
-0.22840965
-0.20037314
-0.13397425
-0.114308506
-0.13239661
-0.11484096
-0.14088616
-0.1981487
-0.26812765
-0.2667639
-0.34979796
-0.43468237
-0.38681293
-0.39344922
-0.4043226
-0.43493593
-0.43790153
0.09717861
-0.036683522
