6.0936145e-11
0.10830873
0.017833326
0.15018374
0.09853452
0.09357023
0.15019599
0.25143746
0.18890986
0.18021998
-0.070056446
0.00569031
0.12922218
0.26463437
0.3406971
0.34393778
0.2508972
0.28990155
0.4113836
0.39626452
0.2578704
0.14085214
-0.049472608
-0.1545447
-0.18796024
-0.19178152
-0.16367686
-0.13982143
-0.010342217
0.08146203
0.1498963
0.019313686
-0.20129596
-0.29624236
-0.27539602
-0.13634561
-0.010886716
-0.044623416
-0.121598125
-0.18022537
-0.17789882
-0.10631139
-0.15497684
-0.2699103
-0.38668305
-0.36850703
-0.31247908
-0.2561083
-0.21834823
-0.22750786
-0.36567336
0.03543351
0.17068818
0.27036822
0.45536473
0.056218363
-0.10761179
-0.14171427
-0.18786746
-0.06158065
