2.5465852e-10
0.09553447
0.14583234
0.18245772
-0.2055153
0.16950378
-0.19957325
0.26725432
0.006249007
0.22333431
-0.4538176
0.5045525
0.16970488
0.5498674
-0.13349865
0.29188344
-0.60434395
0.21403074
0.020742416
0.6627855
0.21120739
0.28375524
0.027927853
-0.13827091
0.29972836
0.31251281
-0.008664048
0.08903645
-0.30687875
-0.30674958
-0.25951105
-0.03829073
0.112326905
0.16127673
0.020098226
-0.015731249
-0.019700259
-0.24441405
-0.22114305
-0.160068
-0.06475011
-0.034413878
0.019092727
-0.10494862
-0.2859593
-0.23386645
-0.05696408
0.027563114
0.12918667
-0.22384211
-0.39497578
-0.49493265
-0.24211274
-0.089230224
0.25473976
0.09363185
0.010656994
-0.08994561
-0.12214163
-0.02645706
