1.2732926e-10
0.19023809
0.1338585
0.29003212
0.41473818
0.04432997
-0.118858576
-0.15031144
0.012920388
0.049489986
0.1495401
0.10235539
0.0892614
0.15252647
0.25020677
0.1877519
0.19117557
-0.06638097
-0.0129464865
0.12974861
0.2679719
0.33735836
0.34894663
0.24840698
0.2923609
0.40463638
0.39888924
0.26462916
0.15539728
-0.03612551
-0.15669501
-0.18215418
-0.19317132
-0.16425481
-0.14563851
-0.02617882
0.07635023
0.15056942
0.037489913
-0.18935439
-0.28925723
-0.27942058
-0.15462217
-0.01652287
-0.041876405
-0.11338328
-0.16786666
-0.18561889
-0.1086743
-0.1428029
-0.2574532
-0.3801722
-0.3752302
-0.32491994
-0.2611996
-0.21305181
-0.24570742
-0.25999695
-0.3053854
-0.096683465
