7.366907e-11
0.015080877
0.043587025
0.07350072
0.03972804
0.13340795
0.16371515
0.17547497
0.23702593
0.16067179
0.11619114
0.063740864
0.12979308
0.18042514
0.16567312
0.27264944
0.30156708
0.35921893
0.3605167
0.5260254
0.37014145
0.4236154
0.17353398
0.051881388
-0.043085024
-0.17233416
-0.30024204
-0.2901152
-0.18048164
0.005505344
0.06409353
0.06806333
-0.041562673
-0.1752255
-0.21220917
-0.1947188
-0.14143261
-0.14677769
-0.14835398
-0.12794638
-0.15293047
-0.14489543
-0.13908315
-0.17619225
-0.27865985
-0.36359453
-0.3808839
-0.3651179
-0.34060144
-0.3515104
-0.3361778
-0.59916127
0.21300523
0.2708803
0.3767532
0.26443562
0.13698685
-0.026051845
0.03261617
-0.0057866024
