9.094947e-13
0.030289643
0.14151411
0.04590515
-0.21400422
-0.37126264
-0.4089601
-0.31671667
-0.16366465
-0.15166718
-0.26285434
-0.36916035
-0.3656231
-0.29197302
-0.37352288
0.5489235
0.41426703
0.42982146
0.056926597
-0.010942072
-0.26187348
-0.24481857
0.37178284
0.07613372
0.3939474
-0.06257069
-0.32894826
0.35336083
0.25974083
0.24825759
0.5055984
0.14850307
-0.30077863
-0.25108507
-0.031816214
0.2521621
0.69256353
0.1941217
0.4617833
-0.25172392
0.4887136
0.5055004
0.18815288
0.27170935
0.30626214
-0.3605479
-0.25324962
-0.38123623
-0.16171752
-0.0831635
-0.11481288
0.08084262
0.18839867
0.2334047
-0.13455284
-0.34110603
-0.39176476
-0.21308093
-0.21384497
-0.06420911
