-7.2759576e-11
0.10768284
0.16217089
0.09455326
-0.10095626
0.071591884
0.22697145
0.28298178
0.32084018
0.077762395
-0.031607933
0.012238953
0.10158229
0.2303178
0.28196907
0.27530777
0.26066518
0.37808728
0.4877482
0.43223733
0.31780818
0.180197
-0.06262336
-0.13745748
-0.10316351
-0.15190431
-0.22973147
-0.22904287
-0.14033125
0.08645974
0.19228105
0.106845565
-0.11277722
-0.31097394
-0.27379036
-0.1207493
-0.05978203
-0.1041363
-0.14745419
-0.171698
-0.13303307
-0.03566722
-0.06724897
-0.24677783
-0.38327956
-0.40638244
-0.34270093
-0.26812395
-0.27129066
-0.31200057
-0.31222168
-0.37307265
0.27496916
0.33643368
0.47347754
0.006329663
0.120004795
-0.2575107
0.068472095
-0.009853813
