-3.1741365e-10
0.3364581
-0.2247497
0.42416385
0.21676198
0.34588596
-0.25078171
0.24533269
-0.011198275
0.49499822
0.53684205
0.45471787
0.4661491
0.033615142
-0.08828295
-0.124451645
-0.009721884
0.08551409
-0.029095259
-0.20068458
-0.3592208
-0.2493459
-0.060613185
0.03845812
0.22140607
0.2047122
-0.030127019
-0.21835867
-0.37659603
-0.3922876
-0.25404423
-0.05111597
0.087799214
0.115403354
-0.022152618
-0.22656178
-0.34428087
-0.33932817
-0.22815907
-0.1380505
-0.22636634
-0.30370945
-0.40252313
-0.38199687
-0.25136507
-0.4013294
0.31435555
0.2976091
0.29465258
0.53467643
-0.2616544
0.11236063
-0.48224983
0.38349608
-0.005409308
0.42313182
-0.041207112
0.17759454
-0.48075
-0.19319455
