-2.582965e-10
0.026691739
0.06951013
0.12261278
0.07693867
-0.07924985
-0.24372077
-0.29625937
-0.23343892
-0.15453489
-0.03933475
-0.01135811
-0.07317828
-0.12208474
-0.12067116
-0.101065144
-0.20097306
-0.3487238
-0.38909054
-0.36929533
-0.26760662
-0.21864216
-0.115277246
-0.22340937
-0.10651228
0.18444091
0.22664928
0.3541845
0.22624055
-0.011328325
-0.12480094
-0.13245144
-0.02796941
0.0910259
0.092121124
0.13260955
0.17063764
0.18648002
0.29234955
0.14536835
0.1646223
-0.17880155
-0.12289299
0.15922257
0.302546
0.4463602
0.26476038
0.37397265
0.24309003
0.36541274
0.30335554
0.16706054
0.029227983
-0.14079724
-0.18256946
-0.20945776
-0.20310372
-0.06272043
-0.09745509
-0.015001455
