-3.092282e-11
0.071313515
0.14544578
0.17173782
-0.08916948
-0.27192858
-0.34489197
-0.224062
-0.067860775
-0.014524922
-0.06475958
-0.15491068
-0.20739421
-0.12696888
-0.072098404
-0.19747701
-0.33886236
-0.41146588
-0.3876462
-0.30450174
-0.24169841
-0.2908774
-0.25493884
-0.5684369
0.26850337
0.32612574
0.386137
0.27981254
0.2143796
-0.43011892
-0.020219728
0.08493004
0.22766078
0.12477112
0.07333897
0.08838955
0.15704721
0.29359925
0.34737647
0.0093156025
-0.2130899
0.105958045
0.22302145
0.27519035
0.3986764
0.24623498
0.2718653
0.35564625
0.47588292
0.4395387
0.27568725
0.12304013
-0.13728964
-0.17543615
-0.17663829
-0.16558799
-0.17193204
-0.1889331
-0.07598791
-0.019413223
