-1.4551915e-11
-0.0057237274
0.009371614
0.0013123313
0.020003092
0.0058598067
0.019879488
-0.0040208166
0.0056607313
0.0022688743
0.0061435048
5.4401753e-06
-0.0015127412
-0.00285325
0.0131620895
0.0012473557
0.0024309435
-0.0070002773
-0.009181757
-0.01835122
-0.02017329
-0.016884822
-0.015473152
-0.022257153
-0.0061132773
-0.011600602
-0.0006286832
0.0006310744
0.0039328025
0.007906305
-0.0074800355
-0.0042192116
-0.010417707
-0.014508493
-0.014245296
-0.0051541016
-0.0086306445
-0.0075436383
-0.0128666535
-0.007505617
-0.011897903
0.0064691342
-0.0071686627
0.0015283942
0.01331246
-0.0019372555
0.017779745
-0.0024088398
0.027367247
0.009772251
0.034093212
0.016935224
0.0307349
0.020486074
0.016554845
-0.015560913
0.014199922
-0.013629397
0.016133353
-0.0051390943
