5.979928e-11
0.024344036
0.04378496
0.19947757
0.24242583
0.20957366
0.13127348
0.12288137
0.17516375
0.15916097
-0.00870619
0.09163287
0.21356428
0.35943133
0.430164
0.36713073
0.4251737
0.43627545
0.39698166
0.24171783
0.060590923
-0.0834401
-0.17312104
-0.32702583
-0.31682453
-0.1780517
0.024095088
0.091029525
0.072515815
-0.033888064
-0.11318753
-0.07584794
-0.16798826
-0.22311187
-0.2652502
-0.21863446
-0.084735535
-0.03400389
-0.061543018
-0.17377234
-0.23500338
-0.2246286
-0.2946732
-0.36747015
-0.38773778
-0.3734124
-0.34159943
-0.30359626
-0.4814781
0.01531833
0.12389541
0.37546182
0.3094204
0.15135719
0.0055296496
0.111372046
0.030788016
-0.039981045
-0.25102082
-0.08667076
