-1.5061232e-09
0.26056457
0.18485025
0.37052226
0.28785378
0.14794095
0.0119711235
-0.023724606
-0.11355688
0.012273349
0.10347521
0.10041627
0.16920042
0.17010888
0.18857636
0.2058185
0.17459553
0.17979036
0.07950367
0.12990251
0.23723315
0.2851255
0.36032322
0.37925336
0.48904094
0.4365614
0.5582838
0.40288147
0.24892911
0.060632188
-0.10946521
-0.36356583
-0.31552896
-0.2101358
-0.051380835
-0.028052755
0.048850834
0.033417102
-0.06905164
-0.06398589
-0.15925893
-0.22674097
-0.22817537
-0.19829106
-0.12641072
-0.13357198
-0.11995566
-0.16021201
-0.22285205
-0.26299852
-0.25523442
-0.34232134
-0.43978077
-0.40595472
-0.39824104
-0.3955856
-0.49573606
-0.31816623
0.017911475
-0.09170373
