4.9112714e-10
0.49799144
-0.16781583
0.7451789
0.22814201
0.40242556
-0.048974767
-0.23413673
0.10948104
0.164883
0.14832611
0.13196322
-0.34731698
-0.3054905
-0.31960464
-0.12623177
0.17985874
0.25251007
0.099708796
-0.007442385
-0.1496262
-0.36581933
-0.3251301
-0.1799955
0.13098028
0.13423577
0.048321374
-0.18798125
-0.400688
-0.30191037
-0.07406381
0.09181526
0.12625355
-0.27551308
-0.4160788
-0.4886
-0.19962226
-0.04387335
0.27625152
0.031906895
0.24052441
0.08493517
-0.09312326
0.14240572
0.2196204
-0.102379054
0.04269825
-0.16926315
0.32991004
-0.092636615
0.29857075
-0.42942655
0.6604921
0.08144806
0.56750274
-0.13006267
0.25865287
-0.34474948
-0.45580876
-0.25529265
