-5.570655e-12
0.053478163
0.03011417
0.15982537
0.15243362
0.16523477
0.20400348
0.18037778
0.16713154
0.106462255
0.11698271
0.12740292
0.14831635
0.26787806
0.3088535
0.37482184
0.40511453
0.46906805
0.4582645
0.48560023
0.42140347
0.18365273
-0.032944355
-0.16642007
-0.30704048
-0.2749511
-0.13997772
-0.057853132
-0.0039921035
0.028430868
0.013303778
-0.09547863
-0.17270775
-0.18998031
-0.21296522
-0.18858936
-0.16111168
-0.103340045
-0.12687966
-0.14996254
-0.1505791
-0.18640581
-0.2562738
-0.31633052
-0.38373333
-0.43198323
-0.3947326
-0.39689973
-0.3806991
-0.5625278
-0.07358732
0.035249934
0.29309776
0.3137631
0.24627124
0.104966655
-0.016476016
-0.02983672
-0.038744193
-0.013853261
