1.2223609e-09
0.12018879
0.1496365
0.3797267
0.28285378
0.14384133
0.00036202744
0.12636243
0.076933056
-0.18504436
-0.0021605184
0.023673125
0.1971373
0.2541115
0.2120766
0.13332771
0.12586394
0.17437565
0.16781308
-0.018610314
0.07448504
0.19970748
0.35721833
0.42830086
0.3774383
0.42074507
0.44363135
0.40119976
0.25194505
0.06860202
-0.080306716
-0.16412517
-0.32590985
-0.3190144
-0.18054341
0.010759421
0.08769355
0.0777128
-0.030139247
-0.11154456
-0.079339586
-0.16078368
-0.21652785
-0.2647124
-0.22383037
-0.09459886
-0.03379555
-0.059951987
-0.16609761
-0.23439871
-0.22227147
-0.28600758
-0.36203924
-0.38891652
-0.3781179
-0.3318478
-0.34062663
-0.34814504
-0.42564672
-0.12521696
