-4.0927262e-10
0.33996254
0.2773166
0.41876313
0.206877
0.06222465
0.0025738087
0.038270187
0.04246355
0.0448583
0.03125764
0.1178467
0.2613615
0.21495736
0.17502153
0.12032349
0.12621634
0.11504005
0.10072946
0.15873452
0.19256365
0.28767228
0.3464573
0.37827775
0.45945114
0.46648034
0.47489682
0.35463616
0.19246644
0.010360251
-0.05226823
-0.32799715
-0.3495772
-0.2509581
-0.094105124
0.06028235
0.096298754
0.024323747
-0.13399978
-0.16615155
-0.17490551
-0.19547084
-0.18325864
-0.18594618
-0.15219767
-0.09853961
-0.09626986
-0.13080902
-0.1855886
-0.24559279
-0.29625008
-0.34897843
-0.40145573
-0.3679652
-0.35114545
-0.39515692
-0.30522865
-0.8075437
0.43008184
0.0020466503
