-7.094059e-11
0.21618457
-0.013639063
0.30929768
0.36876675
0.22974253
0.032708764
-0.4643054
0.3535258
0.35501647
0.5634968
0.26540476
0.41303658
-0.25474653
-0.13791212
-0.1605466
-0.10548511
0.18037587
0.04329286
-0.29176083
-0.24920732
-0.14820063
-0.13119198
0.1494634
0.17572586
0.0221091
-0.06173284
-0.22754683
-0.37586135
-0.30784166
-0.19279459
0.074565016
0.09165273
0.119259834
-0.13916686
-0.37288505
-0.39439255
-0.25108618
-0.09146503
0.049160432
-0.18337661
-0.33205926
-0.42346272
-0.2515998
-0.14704834
-0.040074512
0.529171
0.27981916
0.3942402
-0.20069851
0.02094629
-0.09357069
-0.30588245
0.5024388
0.029440008
0.389843
-0.12011177
0.09459087
-0.33666193
-0.12859622
