1.5916157e-12
0.00968189
0.055262268
0.16459185
0.22559044
0.15683666
0.18768767
0.16543122
0.20219874
0.14806417
0.093551904
0.16364712
0.1553993
0.25668365
0.3487449
0.3927911
0.45673543
0.46053272
0.49193865
0.46361536
0.41361746
0.14645103
-0.021559104
-0.29865903
-0.35420102
-0.24731445
-0.11539849
-0.013676055
0.02937903
-0.02215048
-0.012832653
-0.092815615
-0.14940183
-0.1992919
-0.23759547
-0.19164044
-0.19625261
-0.091793336
-0.11383132
-0.16086012
-0.16456045
-0.21463457
-0.25852156
-0.33267665
-0.4099372
-0.44115067
-0.42087516
-0.4056158
-0.41097945
-0.584922
-0.11033583
0.23078156
0.34843612
0.30170566
0.25656897
0.13695535
-0.036078207
-0.016987845
-0.1548966
-0.014057268
