-1.07320375e-10
0.04258471
0.2586025
0.36380592
0.31949955
0.19412014
-0.19483036
-0.13034306
-0.07827867
-0.24202098
0.33622605
0.25215244
0.47474515
-0.13370836
0.22510685
-0.3871118
0.23124054
0.13421962
0.52427334
0.13107583
0.21983466
-0.5271035
0.47789586
0.2680083
0.6340489
0.23800814
0.4264926
-0.2190514
-0.15337862
-0.16073939
-0.10447952
0.1804615
0.041121293
-0.28605258
-0.27215895
-0.14052546
-0.08416787
0.16262229
0.15985215
0.008008415
-0.13208568
-0.30787635
-0.30818918
-0.2534907
-0.12481411
0.05502981
0.15907
-0.01817412
-0.26195386
-0.36981964
-0.36948186
-0.12277991
0.010569399
-0.07599752
-0.28418782
-0.3862423
-0.32398096
-0.1546329
-0.12682913
-0.04847289
