2.910383e-11
0.02782749
0.07915577
0.045054667
-0.055397443
-0.18217507
-0.21209362
-0.19724832
-0.1376383
-0.13799995
-0.15571758
-0.1219773
-0.14742303
-0.15178354
-0.15465946
-0.18708442
-0.27931744
-0.37165907
-0.38013643
-0.3585058
-0.34084046
-0.35195887
-0.3478089
-0.5976961
0.20100263
0.3184297
0.38745594
0.2424591
0.11008852
0.0083920695
-0.01721487
0.05262806
0.063649185
0.04389512
0.12843914
0.1540005
0.18072017
0.23707601
0.16986687
0.11662981
0.062211342
0.124233365
0.17035276
0.169395
0.2708127
0.29842675
0.3553121
0.36035377
0.5190105
0.38382295
0.4248157
0.17925155
0.053674053
-0.037914257
-0.17058271
-0.30241632
-0.29153186
-0.16689724
-0.096636966
-0.019258518
