-1.6370905e-11
-0.0012657233
0.04144315
0.031263508
0.113210544
0.1491424
0.22069864
0.2783165
0.19477098
0.1756948
-0.16774134
-0.10312772
0.13330242
0.27966666
0.42410868
0.27103433
0.31280324
0.24164325
0.35100675
0.27769172
0.17467359
0.023322223
-0.16324969
-0.19504547
-0.20882685
-0.16881824
-0.10549278
-0.0021714661
0.075422384
0.101262845
0.02252296
-0.09904427
-0.21523675
-0.25993115
-0.17723592
-0.11444192
-0.08298655
-0.09695789
-0.11093476
-0.0831284
-0.06325674
-0.06598509
-0.2509978
-0.37672585
-0.38471246
-0.31673056
-0.24614465
-0.16725884
-0.15088657
-0.23519959
-0.010387819
0.18612027
0.29492673
0.22594613
0.23287936
-0.09273613
-0.09746781
-0.06395119
-0.025596537
-0.007944051
