2.5102054e-10
0.20825577
0.35015345
0.46696067
0.2698323
-0.33984563
0.0093999915
-0.18680665
0.46028313
0.20353004
0.14758374
-0.13518599
0.04012859
0.16681589
0.7138429
-0.000791803
0.3422605
-0.9999071
0.5440591
0.26825893
0.72487664
0.15259449
0.4595061
-0.32410735
0.13073425
0.49475896
0.1694411
0.098633826
0.2203523
-0.40675986
-0.21727598
-0.06611125
-0.04828613
-0.07327426
-0.13645177
-0.008860908
0.14456467
-0.13364582
-0.1157254
-0.28517374
-0.34160587
-0.1597112
0.046618827
0.06516012
-0.15409034
-0.34360692
-0.19355972
-0.12202871
0.2191391
-0.1728557
-0.42308524
-0.53783643
-0.3540071
-0.1226888
0.2481674
0.03806171
-0.19493978
-0.32136223
-0.17661855
-0.052201472
