9.094947e-12
0.053154435
0.026306543
0.033779677
-0.1151413
-0.11838511
-0.18121064
-0.22997364
-0.23076864
-0.19695385
-0.10452408
-0.113162406
-0.12945351
-0.14632489
-0.1865364
-0.26686496
-0.28376582
-0.36994946
-0.45918903
-0.42247403
-0.40871853
-0.3957138
-0.48933676
-0.41064262
-0.18178743
0.33846778
0.4087391
0.31981677
0.14942802
0.027251238
-0.01031737
-0.12954792
0.054628566
0.09974441
0.14859888
0.24617703
0.16646169
0.1785383
0.17280133
0.18509723
0.15490595
0.062629364
0.16238406
0.19938312
0.2833976
0.36155105
0.3914147
0.48838973
0.46189117
0.5488626
0.459802
0.2660859
0.0714036
-0.07998612
-0.34677842
-0.3524912
-0.22274908
-0.09236748
0.0044984343
-0.00885283
