2.6375346e-10
-0.0985885
0.11991752
-0.044044092
-0.21780172
-0.2537312
-0.25299883
0.089092925
-0.06402666
-0.38858595
-0.44972384
-0.49034408
-0.16646615
-0.058189802
0.31733778
-0.3085992
-0.087983206
-0.2602848
0.13826875
0.3295038
0.499777
0.11046744
-0.3282271
-0.12517184
-0.06026892
0.44143665
0.35374707
-0.24262646
0.4907501
0.06497194
0.2097393
0.48937845
0.17764072
-0.06076719
-0.8172761
0.23462512
0.4315361
0.65638626
0.2915433
0.4288937
-0.41972247
0.26493084
0.49306738
0.071939155
0.08450772
-0.034324013
-0.2555709
-0.18748508
-0.07694915
-0.032259792
-0.04962224
-0.22383244
-0.0091165975
0.22205733
-0.15908927
-0.1998372
-0.40411213
-0.15417242
-0.30268183
-0.042671762
