-8.1672624e-10
0.08454347
0.121667795
0.30978638
0.43126518
0.30492103
0.3921325
0.261988
0.42319766
0.33568123
0.20126686
0.0679098
-0.12635764
-0.18357468
-0.19287224
-0.21801536
-0.11209497
-0.10742201
0.027157672
0.12716901
0.09798032
-0.024653703
-0.24526966
-0.31755522
-0.28685632
-0.1527136
0.0016534042
-0.018898526
-0.07740617
-0.1665096
-0.17431144
-0.0877493
-0.14934236
-0.30281413
-0.40773642
-0.40470973
-0.3204331
-0.25407517
-0.1825601
-0.20254728
-0.41260225
0.1911988
0.16311356
0.39034057
0.239281
0.27147043
-0.23755907
-0.13804452
0.047416244
0.06581777
0.1478095
0.13067599
0.11043501
0.16814691
0.2263793
0.36205438
0.07757869
-0.14815602
-0.22361225
-0.059579097
