9.895302e-10
-0.08623369
0.25679922
0.32952634
0.3019214
0.16517201
0.010832843
-0.016135901
0.032185446
0.013314931
0.058803707
0.10475841
0.10687494
0.19904847
0.22409646
0.1801124
0.12316914
0.08093355
0.12795268
0.12307548
0.18832958
0.26584777
0.27923164
0.33327484
0.3600463
0.4555324
0.4675119
0.47773317
0.25455523
0.115234755
-0.017883493
-0.1026733
-0.2990515
-0.31460655
-0.21482842
-0.064980745
0.049941786
0.094696015
-0.019894693
-0.13569823
-0.19670498
-0.19764702
-0.1725728
-0.15285216
-0.12835321
-0.1608191
-0.1340118
-0.12343469
-0.12055276
-0.19007024
-0.25306338
-0.31849885
-0.37818012
-0.39197627
-0.32523146
-0.3635901
-0.36107796
-0.4025045
-0.5138487
-0.12500711
