-7.185008e-10
0.32537127
-0.11357057
0.36142018
0.391398
0.23570831
0.0022235662
-0.5143676
0.22866452
0.36451653
0.5671848
0.3016973
0.39542407
-0.26592478
-0.111892864
-0.1466462
-0.021806631
0.23264736
0.025503725
-0.26238665
-0.25220868
-0.22879708
-0.13696837
0.10292581
0.17035674
0.059683524
0.013410719
-0.16273011
-0.36208767
-0.3375704
-0.26893717
0.05073933
0.1188952
0.156032
-0.11189288
-0.3627854
-0.39155322
-0.25149852
-0.064828515
0.10400174
-0.14811891
-0.3088953
-0.4247162
-0.29073206
-0.17179824
-0.0349131
0.38031814
0.26594794
0.2779909
-0.06806725
-0.034024034
-0.041701443
-0.27917784
0.4832123
0.046365745
0.3978164
-0.115840614
0.029633313
-0.3911446
-0.17433104
