1.8189894e-11
0.051157974
0.2668957
0.3172654
0.2296117
0.13607946
0.031886358
0.0039276974
-0.007620182
0.060637325
0.08951828
0.12949741
0.16318236
0.16016981
0.18802556
0.15816227
0.13259299
0.114135675
0.10539054
0.16104504
0.19689757
0.26325655
0.3250984
0.36610523
0.43877822
0.39846864
0.5574421
0.34682363
0.24453607
0.0363292
-0.064956166
-0.24942562
-0.2654214
-0.18476312
-0.13289522
-0.034540296
0.028935522
0.010656485
-0.06905494
-0.12723966
-0.15906477
-0.19665587
-0.19445224
-0.13265547
-0.122601315
-0.14233091
-0.10399255
-0.13651079
-0.1866447
-0.24330622
-0.24482527
-0.32399887
-0.41312447
-0.38217568
-0.3707288
-0.39800364
-0.39340943
-0.4610241
-0.08303344
-0.017332416
