1.6007107e-10
0.054822363
0.04407637
0.12623484
0.01633628
0.048581507
0.052713837
0.17824657
0.26156262
0.19854729
0.10202285
0.049496092
0.07307474
0.15423274
0.2237121
0.25074774
0.26446253
0.28625828
0.3933562
0.40468198
0.41240114
0.2627173
0.13520923
-0.06518342
-0.107051305
-0.12586997
-0.19108629
-0.22375202
-0.18630555
-0.051628705
0.083738185
0.101713054
-0.015566692
-0.1606658
-0.21616411
-0.15797088
-0.10950658
-0.088435024
-0.1343346
-0.17924403
-0.1680909
-0.11846283
-0.09330298
-0.14303406
-0.2706233
-0.3442946
-0.3585865
-0.30824453
-0.29284436
-0.2907807
-0.2828607
-0.42042497
0.0697936
0.19544998
0.3152184
0.32298195
0.047894426
0.0055502877
-0.08785993
-0.013024831
