-9.240466e-10
0.19630444
0.12286796
0.3321321
0.3211602
0.42938837
0.248782
0.006336769
0.113773234
-0.2629051
-0.004259902
-0.049832016
0.06789794
0.17328927
0.069302335
0.07677436
-0.11992651
0.16968347
-0.018388234
0.27140903
0.17630325
0.3306542
0.25177115
0.30021685
-0.028662551
0.09470959
-0.15994582
0.06943598
0.05405335
0.18791656
0.21066254
0.3299234
0.21468252
0.30172744
0.24868765
0.33590344
0.372724
0.47589284
0.42641097
0.43515837
0.3652979
0.24302854
0.18004727
-0.019802451
-0.048852507
-0.13854134
-0.11157325
-0.119175024
-0.15766066
-0.18934247
-0.23299372
-0.20696805
-0.22681282
-0.050850198
0.04876431
0.17007062
0.15814741
0.13330342
-0.052338522
-0.12904519
-0.3058393
-0.24376027
-0.26847193
-0.13072585
-0.12442637
-0.0487251
-0.09784506
-0.108451076
-0.16175328
-0.17066143
-0.16417944
-0.11625104
-0.052660137
-0.039455406
-0.088508174
-0.20355447
-0.2896094
-0.37893635
-0.39099625
-0.3981225
-0.33571112
-0.30570945
-0.25471282
-0.2746121
-0.30430937
-0.31136802
-0.31394976
-0.36562055
-0.28312668
-0.107249595
