-7.275958e-12
0.019839264
-0.01586169
0.0117740845
-0.003123237
0.010763547
0.0010186248
0.015372446
0.004366992
0.022952057
0.005297434
7.195398e-06
0.0062464247
0.005905861
0.0082725
-0.00056708395
0.00836582
-0.0032320423
-0.0034300461
-0.005717838
-0.010271525
-0.013806865
-0.020219188
-0.019509237
-0.021835707
-0.026751831
-0.022692338
-0.018743096
-0.010697674
-0.010396507
0.0069511407
-0.001884721
0.001797107
-0.0031361151
-0.011972285
-0.0053361813
-0.021592699
-0.022308396
-0.022532897
-0.0132215945
-0.019105727
-0.012965427
-0.008923626
0.012964328
0.00039176684
0.0009712521
0.011859965
0.01173818
-0.015500924
0.0154091
-0.0024025082
0.014787124
0.029157363
0.016174285
0.044862844
0.0035276404
0.04107325
-0.014074876
0.032650985
-0.00059832947
