1.36424205e-11
0.15478063
0.17784944
0.255586
0.1913364
0.28607246
0.06359709
-0.0064632976
-0.030704658
0.07796565
0.20978433
0.34042206
0.2689311
0.09464666
0.13203472
0.2785955
0.44317436
0.3833954
0.27136633
0.08232645
-0.16014436
-0.18244116
-0.17514609
-0.07900589
-0.037406594
-0.106486075
-0.10832936
-0.04874312
-0.015124321
0.01874794
0.019214272
-0.07182979
-0.17296164
-0.20280454
-0.21591286
-0.19142027
-0.123200014
-0.08567236
-0.06450691
-0.010981644
-0.09989455
-0.21685998
-0.33156878
-0.34483564
-0.23675562
-0.21200578
-0.15098162
-0.22712186
-0.24971236
-0.27033627
-0.1260801
0.22685125
0.27367425
0.3419424
0.24351867
-0.020820163
-0.14246017
-0.10323039
-0.09230181
-0.03136267
