3.9835868e-10
0.2372314
0.17201391
0.36302644
0.28342408
0.1517516
0.02349731
-0.043734204
-0.12936139
0.024724912
0.14489527
0.14445944
0.19250606
0.18957178
0.16945794
0.17432418
0.14734897
0.16903655
0.08507993
0.1295349
0.25067335
0.29661816
0.36951032
0.38236147
0.49610472
0.43957698
0.5557469
0.37044346
0.31538457
0.08945582
-0.13722952
-0.36778405
-0.3200372
-0.19950481
-0.022301476
-0.017361805
0.02297216
-0.012502907
-0.07094605
-0.08211461
-0.17579871
-0.23481047
-0.22329834
-0.19350022
-0.12745063
-0.102794856
-0.10213375
-0.1743769
-0.21810813
-0.2517871
-0.2600534
-0.3597361
-0.44445837
-0.4190248
-0.41349366
-0.41015813
-0.5097732
-0.3037149
-0.015747163
-0.10851432
