-6.548362e-11
-0.07929374
0.29032165
-0.29966182
0.080655105
0.13710922
0.23070833
0.18862854
0.24721959
0.14697693
0.13618465
0.10785416
0.17277005
0.13959754
0.10989102
0.26185647
0.3245282
0.40664828
0.4242586
0.4746567
0.49662852
0.4394787
0.2675883
0.06262497
-0.03157735
-0.2605647
-0.35749206
-0.3395876
-0.20651552
0.039493274
0.11514257
0.05866676
-0.059547585
-0.19124189
-0.13724324
-0.18046886
-0.21722466
-0.18681479
-0.21073017
-0.12523296
-0.0583584
-0.091099545
-0.1635879
-0.25057203
-0.29945332
-0.33912104
-0.39137712
-0.38512927
-0.37746477
-0.38291284
-0.34838936
-0.65989095
0.3242522
0.20524777
0.43125346
0.28329045
0.1736832
-0.043349247
0.079706736
-0.007569834
