7.6397555e-11
0.10299121
0.019296587
0.26761228
0.2612072
0.21919368
0.10251859
0.04849356
0.101106554
0.16129854
0.19509369
0.15389803
0.2118639
0.34764937
0.46543214
0.43139738
0.39624202
0.28574786
0.2054768
0.023433032
-0.017785266
-0.047056258
-0.2492517
-0.30063713
-0.27875906
-0.07740388
0.13492766
0.13698664
0.031230506
-0.16630632
-0.20514217
-0.12042615
-0.13684557
-0.1570779
-0.19152081
-0.20104425
-0.13488498
-0.073388994
-0.060114026
-0.16118398
-0.28992468
-0.33158913
-0.35184866
-0.32589522
-0.3218217
-0.331685
-0.34227848
-0.33597186
-0.29122502
0.26802865
0.33687037
0.33749238
0.08359177
0.05517783
0.0038712062
0.14840242
0.07651526
-0.012439251
-0.18590102
-0.060892172
