3.678906e-10
0.38296703
-0.045614254
0.28434366
0.4375857
0.09071231
0.14013566
-0.5407934
0.50544345
0.25337145
0.64703983
0.23873751
0.36098605
-0.053182896
-0.10426253
-0.0706851
-0.039917216
0.12520164
0.08427196
-0.30695808
-0.29416516
-0.25113654
-0.15455009
0.14998868
0.23833133
0.09273968
-0.007520478
-0.23149914
-0.4053541
-0.32358006
-0.20180604
0.07983011
0.1180818
0.053047895
-0.17856476
-0.3539979
-0.3333767
-0.17809245
-0.0401731
0.031800658
-0.24834247
-0.3493097
-0.44886142
-0.2414158
-0.12594998
-0.055007502
0.44154015
0.22571854
0.27044466
-0.11196041
0.07249573
-0.041498706
-0.23531911
0.4508853
-0.006523758
0.32087502
-0.12400769
0.093246035
-0.2801763
-0.13283749
