2.7284841e-11
0.07490168
0.10129253
0.026790634
-0.35569632
0.3315868
0.09275541
0.23259589
0.6659661
0.12896323
-0.69043076
0.35078624
0.050345123
0.5474799
0.19314913
0.05576723
0.41620693
-0.011387542
0.6209009
0.22162527
0.6144015
-0.16158794
0.107690014
-0.10034091
-0.3159427
0.20605938
0.10503018
-0.40128207
-0.37462512
-0.022032265
0.25578967
-0.04347656
-0.18830776
-0.05976892
-0.12391047
-0.015752928
-0.09406091
-0.28028318
-0.36836722
-0.35669592
0.2352958
0.35683
-0.14912514
-0.42029494
-0.474834
-0.34192622
-0.0072926823
-0.049231716
-0.3075554
-0.44478118
-0.26228708
-0.3278795
0.12930918
0.33949244
0.35446575
0.28779507
-0.13362548
-0.12245962
-0.30020568
-0.09677317
