-7.4578566e-11
0.02805895
-0.010356328
0.009238796
-0.10514707
-0.10773258
-0.17974027
-0.2458843
-0.21236247
-0.20726144
-0.09186867
-0.11228083
-0.120153144
-0.1569294
-0.22342038
-0.271806
-0.29457211
-0.37668827
-0.45224097
-0.41532898
-0.40838853
-0.3901595
-0.6292877
0.060543537
0.06306957
0.292666
0.31853434
0.28249532
0.12650092
-0.0060419412
-0.04157836
-0.11550875
0.015625577
0.17929626
0.15784088
0.17048548
0.19789508
0.17062238
0.17822565
0.12943186
0.16622852
0.09768534
0.11305407
0.25843683
0.30548024
0.37356508
0.38466698
0.49726117
0.4455313
0.5584284
0.38627538
0.2734766
0.05952099
-0.1492078
-0.37894875
-0.3147077
-0.19643612
-0.0042417357
-0.028002921
-0.006025222
