-1.8735591e-10
0.063532755
0.019121576
0.15384603
0.1586334
0.17639545
0.21213226
0.14985408
0.13073716
0.09478983
0.13947567
0.14000617
0.1351086
0.25532177
0.29409444
0.35624295
0.39106783
0.41737425
0.5310218
0.42087072
0.29875404
0.13709037
-0.01579938
-0.1663709
-0.3245567
-0.29465657
-0.16997997
-0.02988416
0.050927535
0.02949043
-0.04908585
-0.10962555
-0.15877074
-0.19860595
-0.1922443
-0.16654216
-0.1586358
-0.13528441
-0.08995175
-0.11432299
-0.16362448
-0.21901484
-0.24356906
-0.3071427
-0.386977
-0.3892862
-0.36281705
-0.3811676
-0.3426087
-0.5956141
0.0865127
0.089895636
0.35977566
0.28473604
0.19302148
0.054381795
0.014742995
-0.015028906
0.019602671
-0.011621957
