-7.275958e-12
-0.0042226785
-0.0058451383
0.00527292
-0.013676584
-0.00031183288
-0.015217562
0.00094613805
-0.031220708
-0.020451907
-0.024281617
-0.03729991
-0.029579941
-0.032281917
-0.024066836
-0.017736651
-0.024447994
-0.017615791
-0.011639746
0.0006620208
0.0033170008
-0.008442339
0.009427357
-0.032324754
0.0075144926
-0.031066282
-0.011507994
-0.019680284
-0.04111849
-0.013244636
-0.03704123
-0.02078023
-0.0021161747
0.00033918954
-0.008514478
0.012870833
-0.00660709
0.015036194
-0.015258561
0.03945355
-0.016300842
0.02939074
-0.022201506
0.04957312
-0.0020674719
0.039424594
0.03328099
0.04454365
0.03254268
0.056484565
0.018789092
0.038056947
-0.016038794
0.040248375
-0.016482145
0.020835537
-0.0068830284
0.02204507
0.01660455
-0.0093686115
