-9.094947e-12
0.0058845244
0.05293658
0.1378583
0.038872033
0.049431596
0.030708395
0.22353828
0.24295148
0.22731543
0.091555856
0.030934235
0.09366186
0.12324351
0.24587113
0.27665684
0.25115997
0.31525594
0.34618416
0.5223522
0.48386657
0.33633548
0.2569104
0.028955214
-0.06383261
-0.041026644
-0.2419873
-0.2683095
-0.26461402
-0.13920014
0.11271708
0.1238687
0.054005787
-0.15599099
-0.27432078
-0.2286675
-0.13689132
-0.0699189
-0.1219475
-0.16651647
-0.15940396
-0.14045313
-0.12612644
-0.14288342
-0.2390218
-0.36685184
-0.38192645
-0.3611663
-0.30535287
-0.3203077
-0.33946705
-0.3642236
-0.39219573
0.11736884
0.37783432
0.36043143
0.20753984
-0.0050543807
-0.114747554
-0.041581556
