-3.45608e-11
0.033717707
0.039878808
0.2016918
0.20883358
0.14441605
0.19785962
0.16504297
0.20009851
0.12559599
0.1262393
0.14698376
0.103436545
0.2583271
0.33736378
0.39122528
0.42922962
0.4801556
0.4915467
0.48823193
0.4568773
0.16299653
0.0052350014
-0.25672933
-0.37758517
-0.26622963
-0.1541399
0.0022760201
0.020316467
-0.024064187
0.005009642
-0.11730627
-0.14168416
-0.21404313
-0.22932371
-0.20125818
-0.20227657
-0.07790132
-0.109357126
-0.1527004
-0.15770388
-0.20496589
-0.26009765
-0.33635423
-0.40750253
-0.45363307
-0.41182625
-0.41376632
-0.39582336
-0.6214738
-0.011825234
0.18070409
0.3592734
0.29682153
0.267401
0.11624181
-0.03449274
-0.015185401
-0.12612371
-0.026846921
