1.7462298e-10
0.2401567
0.17064233
0.3357714
0.3045231
-0.005202788
0.043636184
0.0069816373
0.11399042
0.06597617
-0.15462175
0.119330615
0.11056482
0.2721565
0.27542832
0.18044302
0.099069454
0.038739108
0.113726534
0.14812699
0.16336733
0.23840137
0.23730718
0.36007002
0.47323334
0.4398468
0.38053012
0.26672697
0.16712384
0.0150815565
-0.060799487
-0.066814624
-0.2690255
-0.294576
-0.2466754
-0.04066008
0.1504732
0.120177716
0.004194133
-0.1795593
-0.21688923
-0.110938706
-0.14148946
-0.16799805
-0.1913143
-0.18373775
-0.11036362
-0.07442547
-0.075534225
-0.18115094
-0.3114938
-0.3369464
-0.35417086
-0.3196497
-0.31554118
-0.32768852
-0.32377788
-0.31911588
-0.32824603
-0.08028038
