5.7752914e-10
0.2660416
0.4275437
0.08047053
0.39992905
0.18018645
0.25968504
0.34930208
0.029081142
0.083347306
0.1680867
-0.33553478
0.31043378
-0.040709354
0.09884928
0.34915903
0.23147506
0.28739092
0.25785053
0.10600512
-0.049410082
-0.37876326
0.49417642
-0.0662462
0.31302944
0.40834677
0.5675789
0.46688792
0.4564134
0.47401792
0.4345349
0.15762307
0.044931583
-0.05930817
-0.11337046
-0.085211486
-0.12734342
0.03344324
-0.014698317
0.15163238
-0.03345074
-0.14673504
-0.24092132
-0.32772666
-0.2844616
-0.24920931
-0.18902747
-0.01645158
-0.04648073
0.18695818
0.20376867
0.18378313
0.18773067
-0.034983516
-0.016921312
-0.1964804
-0.3411775
-0.34488147
-0.40579194
-0.32943803
-0.22824726
-0.22178777
-0.01806375
-0.038194638
0.13562566
0.062119942
0.12964799
-0.06476762
-0.1394637
-0.26614735
-0.31712562
-0.3426845
-0.32162017
-0.30035055
-0.18578552
-0.17621005
-0.13798322
-0.23032194
-0.29444954
-0.31108803
-0.39427137
-0.37886745
-0.37252733
-0.31565657
-0.29915714
-0.22696671
-0.3593861
0.23333159
0.38459158
0.29901773
0.45501652
0.19136593
0.54180795
-0.09963627
-0.057808362
0.0945961
-0.19256157
-0.2628853
-0.21066698
-0.08531955
