0.0
0.057503484
0.040664542
-0.13847697
-0.30713114
-0.36964202
-0.3313042
-0.20587215
-0.25907764
-0.29138142
-0.34238395
-0.25778675
-0.4556787
0.41624123
0.3114849
0.45379904
0.04072701
0.07133778
-0.27670556
-0.07021192
0.1394225
0.3124514
-0.010232568
-0.22563626
0.2693102
0.27119562
0.39743912
0.15103489
0.30475408
-0.68888134
0.3142405
0.16458848
0.5871861
0.13575365
0.3468277
0.06748701
0.36411482
0.5562155
0.09590872
0.46834823
-0.25840595
-0.20925587
-0.26874667
-0.16293329
-0.08735706
-0.18101652
0.0071611516
0.13182573
0.2387421
-0.10127783
-0.30056834
-0.40295956
-0.2654158
0.11382899
0.06356778
-0.1644476
-0.29509088
-0.19610563
-0.16970283
-0.055837624
