-2.7284841e-11
0.014490036
-0.010663917
2.9711518e-06
-0.008423281
-0.00037395768
-0.017919026
0.0031907507
-0.013934016
-0.01647859
-0.0070045576
0.0017119383
-0.002670257
0.00880309
-0.0106417
0.0029257066
-0.00036068028
0.010613067
0.01065293
0.002395962
0.021303166
0.010007211
0.019880118
0.019975081
0.027365616
0.022078315
0.013225848
-0.014900576
0.018017422
-0.008107346
-0.00968668
0.00808609
-0.004579282
0.017109787
0.011716255
0.03373404
0.0014768003
0.012599433
0.005033369
0.008543012
-0.0037421905
0.009805494
0.0047575934
-0.0035068498
-0.004336218
-0.0023613512
-0.003661618
-0.013521802
-0.02203333
-0.015736502
-0.023737777
-0.023347056
-0.021188492
-0.019054016
-0.008257549
-0.014591115
0.009105324
-0.009786226
0.017376993
0.000341242
