6.366463e-11
0.023744985
0.0759595
0.18993095
0.021416947
-0.2610947
-0.36412287
-0.36146492
-0.14921685
0.045873493
0.016686186
-0.054922797
-0.24938598
-0.26059628
-0.123330474
-0.13885373
-0.22967276
-0.37675318
-0.44470757
-0.29763407
-0.22185436
-0.08411886
-0.2292642
-0.4165327
-0.1949312
0.057285458
0.31211707
0.6050748
0.17565958
-0.044669412
-0.28603566
-0.096101105
0.0056094453
0.30541128
0.1628862
0.17447472
0.16478316
0.2077285
0.25179306
0.13035154
0.2362419
-0.5098738
0.41246527
0.2772487
0.41856542
0.48332837
0.33360708
0.08542666
0.11803758
0.4343125
0.43387717
0.11340842
0.16025347
-0.044860624
-0.32340372
-0.2541027
-0.20800915
-0.1587998
-0.0705211
-0.02577823
