4.0017767e-11
0.04262326
0.024559068
0.008730559
-0.09107419
-0.15400048
-0.19074239
-0.19404973
-0.16572908
-0.17477158
-0.1289586
-0.09539263
-0.1395705
-0.16042566
-0.18617648
-0.21578063
-0.28555712
-0.3604948
-0.39637053
-0.37744957
-0.37187633
-0.35618046
-0.4493369
-0.37418702
-0.013151094
0.3578415
0.33916983
0.22958662
0.095155284
0.02643865
0.007178101
-0.018615019
0.069419734
0.08731027
0.1264411
0.20832199
0.18548237
0.18069282
0.14625755
0.13508362
0.121533975
0.10122867
0.1670433
0.20800427
0.26920542
0.3429223
0.38039443
0.42040777
0.4991879
0.3999977
0.41490144
0.17517793
0.025163777
-0.07648117
-0.28279614
-0.2988578
-0.20321077
-0.09548187
-0.018685602
7.503331e-12
