3.1650416e-10
0.23567572
0.15144473
0.3704651
0.42707098
0.011297792
-0.2348806
0.002878244
0.0109943375
0.18559714
0.08587459
-0.090930775
0.023451243
0.2210482
0.3121241
0.3173756
0.014871264
-0.05279462
0.018569853
0.15102932
0.27686736
0.2262927
0.2644009
0.28646767
0.41943854
0.4623093
0.4348209
0.26680902
0.124186344
-0.05663854
-0.11999212
-0.079100974
-0.1631069
-0.24889392
-0.24296083
-0.099422246
0.12573259
0.202132
0.044898402
-0.1726844
-0.29236156
-0.23896383
-0.09899628
-0.042556055
-0.10774058
-0.18999998
-0.19713466
-0.088999964
-0.022641681
-0.10824655
-0.2822515
-0.39003205
-0.41028583
-0.3128013
-0.28027004
-0.2700856
-0.32732925
-0.32733905
-0.36019245
-0.0999337
