8.98126e-12
0.0111075565
0.075666174
0.098003216
0.077310085
-0.10074005
-0.27876177
-0.35518473
-0.26232845
-0.09980465
0.01358809
-0.006923409
-0.06695925
-0.13928598
-0.19391297
-0.096341416
-0.23330978
-0.34961715
-0.41669592
-0.3661504
-0.27101016
-0.19487205
-0.13217688
-0.2743089
-0.084686786
0.122423455
0.2684914
0.36348027
0.26117367
-0.102124766
-0.10301632
-0.16105613
-0.01964264
0.18559234
0.12838617
0.14466779
0.1793302
0.19321811
0.3158843
0.10529982
0.14090651
-0.27739063
0.07552638
0.1483038
0.32424688
0.513296
0.2961672
0.21537489
0.34059125
0.34969348
0.31564823
0.18433027
0.029726118
-0.19214945
-0.21673082
-0.19690824
-0.1484914
-0.1086581
-0.050107103
-0.0076141357
