5.529728e-10
0.2713049
0.20092192
0.3738626
0.27648267
0.14814991
0.006301001
-0.035716817
-0.08652066
0.018697165
0.10525142
0.10113534
0.16611761
0.18437985
0.1980336
0.20479293
0.15854964
0.15663564
0.0829127
0.13356009
0.2455135
0.2861107
0.35846248
0.38508612
0.48301664
0.445772
0.5265459
0.44385052
0.23979828
0.01979084
-0.093746014
-0.35388827
-0.29984057
-0.20619169
-0.082009315
-0.011894833
0.026705751
0.0632565
-0.06612814
-0.107880354
-0.15370801
-0.22807509
-0.21457353
-0.19933937
-0.11696031
-0.13762058
-0.14886945
-0.13481712
-0.19356808
-0.25688583
-0.28036094
-0.35707042
-0.43575025
-0.4083105
-0.38588512
-0.39757377
-0.47527876
-0.39816824
0.08523157
-0.07187913
