3.9108272e-11
0.0034299279
0.010286568
0.0060569355
0.007135475
0.017357308
0.016136907
0.016354132
0.014721574
0.025023906
0.01096631
0.011142762
-0.0057431026
0.015317548
-0.010083292
-0.004874998
-0.003548758
-0.00043181237
0.01615977
0.016734902
0.022933008
0.012381187
0.021086166
0.0017384709
0.0039531686
-0.0059229527
0.0045844987
-0.0057793725
-0.002922919
0.003677051
-0.002703553
0.009112429
-0.0037981947
-0.01631235
-0.022139484
-0.024175264
-0.030454202
-0.024716027
-0.0154497605
-0.023184482
-0.019869514
0.0023739566
0.003677968
0.011143653
0.0033770679
-0.013552329
-0.0029678894
-0.018298468
-0.008286165
-0.013045894
-0.011372447
-0.018822521
-0.011580062
0.006006622
-0.0039551444
-0.005577878
0.00354864
-0.012160099
0.023012737
-0.0036022046
