8.185452e-12
0.011012122
0.07449639
0.08402139
0.14952722
0.19084
0.20499793
0.31372944
0.055286065
0.056836616
-0.15323009
-0.033884294
0.17858768
0.2913916
0.4193059
0.2705254
0.34796363
0.30335474
0.31719312
0.21722376
0.11891457
-0.037600182
-0.15065682
-0.17193083
-0.19874272
-0.1818462
-0.11736064
0.02527451
0.08518572
0.118907735
0.048080042
-0.10701646
-0.24457285
-0.26915136
-0.20653614
-0.13685422
-0.060947772
-0.047289934
-0.07697656
-0.09806798
-0.102996275
-0.09282819
-0.24292308
-0.35274887
-0.38169914
-0.33775276
-0.25885502
-0.20149921
-0.15912713
-0.21842371
-0.04407917
0.18433431
0.2772921
0.28084353
0.22466552
-0.05395077
-0.087187864
-0.11378042
-0.0024071585
-0.010431839
