2.1827873e-10
0.1387991
-0.04855793
0.22604302
0.3163519
0.31137866
-0.025585081
-0.07928898
0.018688794
0.15718824
0.29468167
0.21966663
0.25310808
0.2998062
0.44209564
0.45743507
0.42707404
0.23553209
0.086542405
-0.065899864
-0.1128194
-0.0887846
-0.1728299
-0.24695992
-0.25277966
-0.05373676
0.14729404
0.19821566
0.01194679
-0.20760803
-0.2893505
-0.21375206
-0.09499575
-0.047740743
-0.11055036
-0.19465134
-0.19444743
-0.07207861
-0.022044152
-0.13193515
-0.3024162
-0.3945235
-0.403575
-0.30298322
-0.27480042
-0.28965282
-0.3027221
-0.4445311
0.039786983
0.22952083
0.3519284
0.42271158
-0.026222523
-0.1766566
-0.024155525
0.029327463
0.18017885
0.09969011
-0.095487185
-0.03144131
