1.4370016e-10
0.04579092
0.043160148
0.23649871
0.111410305
0.2251611
-0.04923664
0.015429624
-0.00044658408
-0.07295476
-0.07194392
0.21380405
0.20030698
0.48726633
-0.036985625
0.18531106
-0.39814854
0.14123853
0.14849445
0.6126511
0.15581544
0.21012688
-0.3256885
0.2871756
0.41105127
0.41728383
0.31082296
0.22552875
-0.32951036
-0.17579602
-0.1913816
-0.08431241
0.13739395
-0.038743753
-0.124699935
-0.097293474
-0.08702554
-0.050509647
-0.019671254
-0.0412494
-0.061322246
-0.123210736
-0.24072476
-0.18462303
-0.24772
-0.09361325
-0.026436437
0.14369006
-0.10805972
-0.30164036
-0.43234417
-0.27927154
-0.19862144
0.033826407
-0.1542341
-0.24455133
-0.38647777
-0.1473266
-0.14741898
-0.046166874
