2.1827873e-11
0.0009866133
0.14754362
0.12490913
-0.08691389
-0.24540934
-0.34000432
-0.29095575
-0.08225061
0.014192941
-0.0389572
-0.1287623
-0.21649505
-0.20171879
-0.07359648
-0.1814596
-0.305401
-0.40995592
-0.37825483
-0.27674887
-0.1993521
-0.19473472
-0.27269486
-0.4881877
0.18061973
0.24435546
0.40592706
0.2923175
0.2878987
-0.35647726
-0.164917
0.052063603
0.20589358
0.18811435
0.11795446
0.11527741
0.13960418
0.21929106
0.34419245
0.05431734
-0.21781121
0.1625788
0.11261799
0.2712295
0.49998194
0.2845316
0.22536807
0.21100782
0.38969865
0.45925617
0.2607955
0.16053295
-0.07248872
-0.19791904
-0.21525611
-0.20103183
-0.15580161
-0.12416291
-0.07270774
-0.014102936
