-1.2732926e-10
0.07471262
0.15279543
0.29963315
0.49050838
0.06790155
-0.092095874
-0.12847327
-0.048843116
0.06027551
0.23397122
0.11037907
0.072483614
0.16670144
0.25146806
0.22611435
0.18154804
0.06483646
-0.12542231
0.0712074
0.2762763
0.38158423
0.3580071
0.2859486
0.2556969
0.43806398
0.42925185
0.3199313
0.21061414
-0.01572264
-0.17272097
-0.17330119
-0.22121574
-0.20779681
-0.14866006
-0.06544417
0.03930606
0.13852003
0.06430851
-0.17353854
-0.2930299
-0.29543927
-0.18045896
-0.045185253
-0.047471933
-0.089437395
-0.1682507
-0.19129235
-0.1341843
-0.09105237
-0.2478172
-0.37464193
-0.42125925
-0.34423596
-0.30206653
-0.2197671
-0.27041698
-0.30760816
-0.4211263
-0.1352162
