-6.184564e-11
0.09832239
0.08716088
0.31771052
-0.0824191
0.1922056
0.06999851
0.21386288
0.52514255
0.20786637
-0.40335333
0.31308308
-0.030774452
0.19805601
0.5593735
0.50488555
-0.4712712
0.5497599
0.35739976
0.52762544
0.21072032
0.53833574
-0.296029
-0.2127758
-0.27049997
-0.010056562
-0.039769042
-0.21035405
-0.12101607
-0.012128204
0.19838151
-0.050901666
-0.08141436
-0.32442442
-0.36991727
0.04598464
-0.017102417
-0.12657651
-0.20785141
-0.23611036
-0.21595713
0.11336385
0.025151212
-0.3209571
-0.45913553
-0.45695245
-0.29107937
-0.095558435
-0.2162295
-0.34782368
-0.48592505
-0.1276168
0.15455596
0.47231692
0.45501322
0.14680661
-0.27292234
-0.13354772
-0.107737206
-0.03326534
