3.637979e-12
-0.01317179
0.017306674
-0.004816204
0.010236661
0.002185523
0.016366893
0.0114637185
0.012326018
0.010242579
0.0049997214
0.0051060403
0.007978217
0.006237909
-0.0060050436
0.006396217
-0.0038240487
-0.005426833
-0.0035782787
-0.008879302
-0.012870788
-0.017977003
-0.02172111
-0.021409925
-0.026079308
-0.024799224
-0.018430507
-0.0119302
-0.007955207
0.006240337
-0.00059282867
0.001828525
-0.005371182
-0.010173785
-0.006740078
-0.019688936
-0.02134673
-0.023532216
-0.013721709
-0.01851148
-0.012559386
-0.009190744
0.013221156
0.00028299133
0.0011080741
0.011765434
0.011880034
-0.015512521
0.015175083
-0.00062663434
0.014539538
0.028659016
0.020179264
0.04110797
0.006623219
0.035370152
0.0010600407
-0.0011257459
0.010050627
-0.00095176697
