-2.0918378e-11
0.36010024
-0.010209106
0.40023777
0.013654865
-0.20650364
0.30078647
0.236512
0.29497132
0.348571
0.3100847
-0.70924497
0.45162168
0.0912909
0.44254097
0.28408235
0.5678839
-0.3024367
0.51144415
0.50336766
0.1578348
0.35735232
0.096879825
-0.33181906
-0.26074094
-0.32538795
-0.13856074
-0.042972423
0.04180399
0.16536129
0.23886111
-0.11999047
-0.34563887
-0.4066982
-0.2367054
0.11335369
0.09213562
-0.07660581
-0.28732917
-0.350236
-0.19082043
0.20582238
0.105466716
-0.3646965
-0.48725498
-0.4604841
-0.26467323
-0.11637525
-0.08348277
-0.36399788
-0.24169607
0.1147934
0.23586375
0.4211585
0.36194348
0.0262569
-0.14193404
-0.08373389
-0.03612328
-0.012176339
