-1.1641532e-10
0.25459427
0.08929663
0.24369317
0.22663869
0.1539903
-0.019435497
-0.071260646
0.06673249
0.08709125
0.07866573
-0.0303929
0.007915381
0.1717004
0.24018341
0.48909315
0.07628949
0.071022004
-0.43607736
0.16116318
0.16562545
0.5952022
0.2527488
0.30753222
-0.061026014
0.2674476
0.4977669
0.21343026
0.25380713
-0.04552427
-0.28539467
-0.26409864
-0.24460499
-0.046069354
0.021037411
0.0017638244
0.043384694
0.07084796
-0.13377105
-0.17912513
-0.2519652
-0.19219057
0.007895459
-0.08239704
-0.17649314
-0.20724472
-0.19212157
-0.119496636
0.08633532
-0.047921665
-0.33324087
-0.44269466
-0.40082738
-0.250005
-0.11688187
-0.053352207
-0.26142833
-0.17941011
-0.19012956
-0.060535535
