1.4551915e-11
0.04074257
0.12592375
0.1283302
0.20313823
0.009287506
-0.37128526
-0.38597524
-0.2659821
-0.047311127
0.28960538
0.2236771
0.060741648
-0.08687303
-0.33395237
-0.28425297
-0.25922018
-0.07422675
0.060142707
0.18192136
-0.08025232
-0.27420685
-0.38565496
-0.19653693
-0.03296368
0.19733469
-0.038657837
-0.34397167
-0.46780294
-0.40675813
-0.14056964
0.07599883
0.14616597
0.23862725
-0.034610376
0.2185025
-0.10914779
0.18969637
0.17609484
-0.19970864
0.16395706
-0.20131528
0.27181962
0.0020455047
0.22601202
-0.4546538
0.5048342
0.17014211
0.5484377
-0.13253781
0.29362798
-0.62163913
0.2657698
0.015554577
0.6733536
0.19703329
0.28491136
0.04545713
-0.17128013
-0.032651354
