-1.2732926e-11
0.15203525
0.40931022
0.4548681
0.40769747
0.036174525
-0.23368551
-0.16874765
-0.2100744
0.16324049
0.17561379
0.25865424
0.39190108
-0.020439163
0.14176004
0.024524182
-0.06629139
0.40106153
0.22795479
0.31526256
-0.43226272
0.47915366
0.07485327
0.6054924
0.39462993
0.5415236
0.21771576
-0.057856686
-0.10897271
-0.11462884
0.012406677
0.1428773
-0.16846344
-0.34916082
-0.26354972
-0.11758373
-0.00795589
0.25125897
0.215207
-0.03005359
-0.21246085
-0.38150293
-0.3798067
-0.25770867
-0.040813163
0.11292948
0.13280731
-0.09382333
-0.2808379
-0.34774956
-0.34016377
-0.16317225
-0.1261545
-0.29381156
-0.3629165
-0.3942562
-0.32620996
-0.23373117
-0.29317114
-0.11480018
