3.6379788e-11
0.00284525
0.14263032
0.15331265
-0.109393604
-0.3649369
-0.3932127
-0.24264024
-0.058043517
0.108583085
-0.17495501
-0.318435
-0.43571255
-0.251985
-0.16371514
0.003374979
0.46585807
0.22456586
0.3160851
-0.18875876
0.028091405
-0.0981552
-0.12433894
0.27246788
0.13547699
0.22416404
0.024806254
-0.41809618
0.4330664
0.15770581
0.30426773
0.4574552
0.109910995
-0.16097586
-0.5214674
0.10944717
0.32542703
0.64837444
0.27129
0.27030396
-0.32524455
0.15500228
0.28692803
0.19600013
0.2865101
0.13736868
-0.38934556
-0.31218234
-0.32601196
-0.16847895
0.14335376
0.19092408
0.09027542
0.0595654
-0.16715625
-0.3000809
-0.23734432
-0.2914973
0.05781639
-0.021641051
