5.284164e-10
0.34464112
-0.05573853
0.41698018
0.25417536
0.24122946
0.073446125
-0.06711404
0.2043255
0.32632625
0.16340476
0.044067997
-0.0028828792
-0.22661945
-0.18669084
-0.07953817
0.014359102
0.07921582
0.035892345
-0.037797138
-0.06822034
-0.16158956
-0.09529966
-0.06618732
-0.102524795
-0.09483387
-0.118683666
-0.15236086
-0.15080616
-0.12970984
-0.06157109
-0.024733087
-0.007299807
-0.13821957
-0.25828987
-0.34284854
-0.27107373
-0.13201477
-0.031576198
0.0553322
-0.090395994
-0.10396016
-0.16220997
0.002943894
0.082179576
0.19822711
0.17608285
0.11773311
-0.04549826
-0.091307886
-0.048695296
-0.095021576
0.29514545
0.20966452
0.17506883
0.22850376
0.08629583
-0.04671699
-0.07640315
-0.01384309
