1.0422809e-09
0.6038063
-0.041581735
0.2622608
0.529996
-0.119000904
-0.0052978955
-0.19619492
0.06505103
0.2884515
0.46703503
0.18975444
0.09454875
-0.5711923
0.28972918
0.3275773
0.59750926
0.28217742
0.41507947
-0.25508678
-0.124006316
-0.1463564
-0.021304015
0.22922646
0.026864678
-0.26295108
-0.25468546
-0.22679172
-0.13488282
0.11261086
0.17079033
0.050136562
-0.0019399151
-0.17335176
-0.35025096
-0.33370537
-0.26235825
0.06273922
0.13555145
0.13475165
-0.13224411
-0.37644768
-0.3939945
-0.2209221
-0.049706582
0.108269036
-0.1920076
-0.32326964
-0.43830422
-0.24135338
-0.16057646
0.012464762
0.4700186
0.22346996
0.31554842
-0.18547682
0.025474273
-0.084917955
-0.14099504
-0.06573979
