1.2050805e-10
0.52368945
-0.09171931
0.36514243
0.4016047
0.07257983
0.330016
-0.49298975
0.15878373
0.08283097
0.46122086
0.28248638
0.12481729
-0.16347931
0.038168177
0.4673888
0.5091496
0.43450004
0.49979427
-0.08096239
-0.17001365
-0.20382057
-0.06276383
0.056453913
-0.07283726
-0.21152407
-0.28292662
-0.10147566
0.022065649
0.08253292
0.10121822
0.00424663
-0.16561884
-0.20463651
-0.26438025
-0.30054522
-0.18866885
-0.09864914
0.011633996
0.14447238
0.012484349
-0.23597136
-0.38933963
-0.4096373
-0.28550667
-0.14211294
-0.1851565
-0.2765602
-0.38199055
-0.33575243
-0.3442573
-0.12846576
0.45750457
0.4273513
0.5404821
-0.21328257
0.04769244
-0.34079367
-0.16310689
-0.0504217
