1.4551915e-11
0.34111333
0.27545238
0.41418853
0.21633767
0.055854343
-0.004482706
0.041949667
-0.0034801941
0.11964358
0.030370785
0.1149587
0.25314382
0.21224278
0.17263462
0.12574428
0.12971975
0.11254808
0.09029629
0.16403072
0.20281744
0.2952711
0.35248584
0.37918857
0.43777
0.48508683
0.47827834
0.35656893
0.19056943
0.0037326496
-0.07051054
-0.31380814
-0.34919348
-0.23583572
-0.0957513
0.04328767
0.09566358
0.01794193
-0.12460518
-0.15591447
-0.18551828
-0.20300987
-0.18228489
-0.18548334
-0.15068103
-0.09033276
-0.10415496
-0.13555726
-0.19204794
-0.24516204
-0.2880292
-0.36724663
-0.39961052
-0.37654778
-0.3544829
-0.3902436
-0.3276262
-0.7779684
0.4399573
-0.022262823
