1.4260877e-09
0.32243687
-0.092499614
0.639981
0.31380117
0.4563526
0.15593678
-0.28220594
-0.047600992
-0.08263172
-0.029567603
0.2711311
-0.057107672
-0.28255376
-0.31342232
-0.16533177
-0.08476809
0.19421001
0.1725308
0.04365682
-0.08361602
-0.305603
-0.31208608
-0.2726023
-0.15284859
0.056102537
0.17951639
0.018142927
-0.21738796
-0.3874593
-0.37213933
-0.13119471
0.021480385
0.046245195
-0.25142375
-0.36018354
-0.41857052
-0.1850146
-0.12305975
0.14471963
0.45291662
0.2135176
0.26821908
-0.21385916
0.019301578
-0.21083972
0.20182692
0.048581988
0.25716227
0.026370848
0.10765524
-0.54851973
0.52586687
0.22948904
0.41962162
0.23312515
0.19951765
-0.28134492
-0.5609256
-0.21217494
