6.91216e-11
0.053467162
0.26431242
0.3222168
0.2315805
0.14058512
0.02838064
0.004688893
-0.010358269
0.05568743
0.09204435
0.13040553
0.16338804
0.16122335
0.18935585
0.15782057
0.13135654
0.121472046
0.1065397
0.16210186
0.19489813
0.265983
0.32779163
0.367908
0.44224003
0.40579075
0.5499776
0.36657026
0.23823403
0.04702626
-0.0791243
-0.25310338
-0.2730121
-0.18385518
-0.13519841
-0.035475608
0.034248665
0.012413006
-0.06616168
-0.13068195
-0.16163287
-0.19528688
-0.19592592
-0.1414523
-0.118344985
-0.14073165
-0.10802625
-0.13304184
-0.18708706
-0.23985793
-0.25741932
-0.3304025
-0.4158249
-0.38115805
-0.37469184
-0.39643285
-0.38735437
-0.49670014
-0.033696346
-0.014155215
