2.1827873e-11
0.046934426
-0.0038099978
0.05767177
-0.088810146
-0.0999938
-0.16185793
-0.22521453
-0.21371813
-0.22000964
-0.10104632
-0.12893589
-0.15277854
-0.14601406
-0.20692524
-0.27041683
-0.29296464
-0.36669344
-0.43983555
-0.40137306
-0.39764166
-0.37591276
-0.6186936
0.047829814
0.026822485
0.291856
0.32713464
0.2869764
0.13210906
0.0011500525
-0.02191138
-0.10128317
-0.009779332
0.1313067
0.112548955
0.15507865
0.17716084
0.18257603
0.20769066
0.15778328
0.1771939
0.09549282
0.11345741
0.24997604
0.29055554
0.36142522
0.3774832
0.48561996
0.45048654
0.5457925
0.41005248
0.23735283
0.0463525
-0.13952857
-0.37219852
-0.30653346
-0.2085944
-0.022961609
-0.034105293
-0.010174861
