4.2564352e-10
0.13200468
-0.03902259
0.15123355
0.24307469
0.20524015
0.20436472
0.13232797
0.14241368
0.10802396
0.1033553
0.1523321
0.16104034
0.28938025
0.33794546
0.38653815
0.41879106
0.4923564
0.47297427
0.37832242
0.21568866
0.027882606
-0.05367694
-0.30142063
-0.34047344
-0.2521231
-0.13375436
0.041642837
0.092730016
0.029123556
-0.10529723
-0.15769829
-0.17810425
-0.2032596
-0.18077505
-0.18999968
-0.16139184
-0.094460934
-0.09893893
-0.13022333
-0.18607557
-0.23711883
-0.28067937
-0.3604752
-0.3988273
-0.3795885
-0.35921404
-0.37258133
-0.37515223
-0.56886065
0.04084301
0.36453256
0.42556864
0.23094001
0.09407623
0.024880255
-0.026802171
0.20521912
-0.15324613
-0.046320513
