1.8189894e-11
0.09779759
0.0044445023
0.18631208
0.23861326
0.22742987
0.14180751
0.047373235
0.064941585
0.1354999
0.21830955
0.23982888
0.25264445
0.2844131
0.3602072
0.42611763
0.43575817
0.30491582
0.16557641
-0.044758886
-0.09636
-0.11604613
-0.1958001
-0.21892995
-0.19143555
-0.09159197
0.0703702
0.10231179
0.014033116
-0.13737734
-0.21614802
-0.17132093
-0.120477326
-0.0847106
-0.12561698
-0.17409663
-0.16791357
-0.12697965
-0.09422396
-0.13320199
-0.24775557
-0.3375096
-0.35824555
-0.3195478
-0.29643434
-0.28429115
-0.2909268
-0.37746114
-0.063993014
0.19613999
0.31948867
0.33858094
0.10073137
-0.004538174
-0.046687968
0.049527053
0.18032666
0.03936884
0.005283076
-0.019117326
