6.7757355e-11
0.26427323
0.17779839
0.37372193
0.28669602
0.13906376
0.0071257167
-0.038592257
-0.12795289
0.044384293
0.16493806
0.15223315
0.19735685
0.18583012
0.16317548
0.17517675
0.14644936
0.16779931
0.0775264
0.12623356
0.25170147
0.29681584
0.37188604
0.38467157
0.50470555
0.45069885
0.5614221
0.38924783
0.27755255
0.06990024
-0.13562548
-0.37244937
-0.32710633
-0.19168727
-0.018852348
-0.022138923
0.02874206
-0.006255416
-0.09383345
-0.09006507
-0.18584587
-0.23895425
-0.23293225
-0.17938554
-0.11217159
-0.10115743
-0.10253894
-0.16310436
-0.22382292
-0.26487273
-0.26197642
-0.3631013
-0.4580194
-0.41813645
-0.41725278
-0.40510753
-0.5046139
-0.35618916
0.020539314
-0.108185284
