-1.36788e-09
0.42947584
-0.027361453
0.65430903
0.29987562
0.35765433
0.24411301
-0.3044462
-0.10916701
-0.08654235
-0.016822359
0.1333565
-0.070231766
-0.24054477
-0.28946713
-0.13998276
0.00848202
0.17042276
0.12750669
0.011796655
-0.15966919
-0.36144054
-0.3003543
-0.22787213
-0.081806235
0.04347229
0.16129832
-0.037556127
-0.27258348
-0.36679667
-0.37025458
-0.12493528
0.00035500713
-0.05722335
-0.264453
-0.37032697
-0.3579583
-0.16094582
-0.18497714
0.37680218
0.3108547
0.31933272
0.092619315
-0.07856417
-0.081581645
-0.18263008
0.25236282
0.030083008
0.2907319
0.03839382
0.15146703
-0.49027646
0.47157472
0.24263334
0.4942645
0.05927531
0.20301077
-0.2922757
-0.4940063
-0.23115028
