0.0
0.0042552096
0.002939445
0.004928154
0.005447175
0.012682632
0.01073368
0.012389977
0.013809423
0.01558998
0.01657628
0.01745399
0.017971985
0.016009958
0.022737741
0.023919754
0.018162955
0.019951405
0.020332616
0.018710816
0.014282115
0.018137287
0.017925018
0.01197785
0.012860432
0.010563091
0.0066210837
0.008477143
0.00037481094
0.002900118
-0.0043487293
-0.003380042
-0.0067359484
-0.009689068
-0.0061385743
-0.010179989
-0.010785274
-0.014063288
-0.013749803
-0.014710242
-0.01703971
-0.017042287
-0.017415285
-0.019297184
-0.02043087
-0.020742333
-0.018833732
-0.01946932
-0.015215158
-0.015083148
-0.014506044
-0.013904288
-0.010973427
-0.009174323
-0.0067286836
-0.007150905
-0.0028277629
-0.0032442722
0.00045785497
-0.00044250488
