4.5474735e-12
0.008462936
0.0069891317
-0.0057987366
0.011434216
-0.010865286
-0.011913631
-0.017248
-0.009933471
-0.023183998
-0.008273192
-0.025322167
-0.001043543
-0.010130135
0.002949631
0.0011201989
-8.5841864e-05
0.007838797
-0.0007967759
-0.004458667
-0.010630079
-0.016183846
-0.02243916
-0.0030702807
-0.011332481
-0.0032055574
-0.0066781193
-0.005493466
-0.00877019
0.0045545506
-0.0077020884
0.00037873792
0.014292908
-0.006242334
0.01591072
-0.0028201076
0.027746713
0.014574543
0.034316532
0.01765569
0.030423416
0.020221759
0.016647855
-0.015175549
0.012668312
-0.0040982747
-0.009917736
0.008343219
-0.004853814
0.017454788
0.014139942
0.030477094
0.0037197727
0.019203842
0.001994882
0.005396149
-0.005451398
0.008823581
-0.0038804198
-0.003982988
