1.0004442e-11
-0.008768031
0.0006716177
0.007135281
0.0031707003
0.020752363
0.004728601
0.020834586
-0.004453117
0.008762164
0.00194964
0.007349519
0.0025543426
-0.0038945745
-0.00014402997
0.01172651
4.5186767e-05
0.0008905509
-0.0108512975
-0.008246437
-0.01919822
-0.020736564
-0.016590852
-0.015906876
-0.023990067
-0.008374559
-0.011327659
-0.00015613256
0.002002331
0.005106598
0.0064086122
-0.007633457
-0.0028535011
-0.010428009
-0.011564249
-0.01471698
-0.0032549854
-0.011162971
-0.009336669
-0.012442097
-0.010377818
-0.008535971
0.006761129
-0.009014382
0.0036968132
0.008508843
0.003920908
0.017893573
-0.0023913495
0.02606056
0.006011909
0.028155658
0.018275378
0.028729383
0.023316588
0.013691669
-0.016548002
0.024115665
-0.01106293
-0.0046504852
