1.6734703e-10
0.11010456
0.02697834
-0.022503324
-0.016924225
-0.0050437488
-0.1416165
-0.108997114
-0.11826055
-0.14054474
-0.056074154
-0.054350164
-0.15949826
-0.20900992
-0.27997246
-0.15194042
-0.039422765
0.19682564
-0.009816356
-0.2778378
-0.45012406
-0.44566628
-0.20268236
-0.097318925
0.09154989
-0.19994414
-0.25896093
-0.3250839
-0.123300776
0.12169585
0.43349954
0.37872398
0.31027225
-0.1516754
-0.14207889
-0.13427281
-0.2852469
0.4705044
0.22152637
0.1506294
0.33326226
0.023080926
-0.26240087
0.32420367
0.1031297
0.3687784
0.18912208
0.22209397
-0.37588227
0.4146649
0.033237234
0.5148879
0.3974555
0.4349561
0.21294941
-0.08426885
0.028512567
-0.15843058
0.030267972
-0.014322917
