6.91216e-11
0.01107727
0.09891554
0.042506058
-0.16842559
-0.3280325
-0.33267212
-0.19023976
-0.07120687
-0.037777394
-0.22210538
-0.33116332
-0.3613548
-0.17710975
-0.12947978
0.100504816
0.40585607
0.20456144
0.2314566
-0.07376547
-0.07087051
-0.07472917
-0.0070084725
0.12570913
0.182059
0.06919517
0.07993743
-0.30451512
0.34107983
0.22624823
0.46313575
0.08411365
0.24614039
-0.4211853
-0.015800674
0.10002005
0.4037996
0.48118478
0.3464404
0.111440584
-0.121019185
0.22162789
0.25209442
0.115271665
0.23792669
-0.08523736
-0.2983411
-0.28963822
-0.22201853
-0.08043768
0.12162928
0.13034037
0.1184941
0.028891759
-0.22102705
-0.26573807
-0.24952349
-0.18851058
-0.045412373
-0.025996111
