1.4188117e-10
0.108132794
0.13311054
0.36380506
0.35301882
0.10556425
-0.048544474
0.0050006323
0.051586937
0.1341292
0.020689562
0.058326416
0.03798237
0.22521617
0.25197574
0.22036314
0.089740515
0.02684822
0.10010125
0.13265762
0.23727906
0.28554207
0.25316522
0.31446946
0.35922152
0.5019508
0.4957124
0.3262104
0.24118818
0.022035195
-0.06564908
-0.051068403
-0.25420135
-0.27320006
-0.2586096
-0.11922126
0.13128972
0.12096772
0.030093003
-0.17445287
-0.26931766
-0.21884036
-0.13369924
-0.06742169
-0.1307453
-0.17604217
-0.15484661
-0.1268502
-0.11702821
-0.16622576
-0.25482008
-0.36969715
-0.39114743
-0.35074887
-0.29847315
-0.31984305
-0.366583
-0.3123694
-0.51970917
-0.17108887
