1.2914825e-10
0.16745497
0.108998
0.33592534
0.21951716
0.20079218
-0.07403204
-0.11217216
-0.066705704
0.0062381923
0.060445283
0.11717518
0.15677628
0.21231286
0.21440151
0.30961725
0.09140913
-0.023078557
-0.12849101
0.031272966
0.1823965
0.30313355
0.4216401
0.2859449
0.27610528
0.3547092
0.3162454
0.23139752
0.097054586
-0.05689057
-0.172743
-0.18908724
-0.18824184
-0.14538698
-0.12593165
0.0315022
0.10174299
0.106557325
0.032152213
-0.11063757
-0.24293782
-0.28297904
-0.21653324
-0.10464664
-0.060746
-0.06266141
-0.07242838
-0.092032805
-0.10333357
-0.10310396
-0.2568529
-0.3726544
-0.38318774
-0.32432353
-0.25449082
-0.17324458
-0.16962671
-0.20203668
-0.16410339
-0.028612807
