-9.622454e-10
0.30050603
0.23417749
0.6250364
0.197897
0.36725587
-0.10440701
-0.35944104
-0.2502408
-0.22744906
-0.013855838
0.08395776
0.0051656826
-0.029870728
-0.013960641
-0.1089309
-0.123202294
-0.10652122
-0.14591631
-0.12632804
-0.017597817
-0.11910805
-0.22710067
-0.2659868
-0.18854442
-0.053806476
0.15168077
0.060627818
-0.20459443
-0.43922257
-0.46900487
-0.24801582
-0.15500951
0.08371514
-0.12194815
-0.25473613
-0.3605477
-0.14016941
-0.0023908243
0.42696214
0.37129077
0.35507095
0.02444233
-0.14451927
-0.16615964
-0.19042845
0.15948284
0.18056953
0.20800853
0.39578736
-0.11813219
0.04775391
0.17036977
-0.00059720874
0.31215522
0.27147937
0.20336916
0.06609056
-0.32863113
-0.11431885
