5.456968e-10
0.1836433
0.061980665
0.41505802
0.2574453
0.18032795
-0.115268216
-0.22951716
-0.1133956
0.0908059
0.17357054
0.18828124
0.18122275
0.18784893
0.17691952
0.2823182
0.08985999
0.0046213903
-0.23900191
0.18853773
0.21152118
0.34228837
0.4523361
0.37814748
0.17075366
0.38631132
0.32148713
0.2494919
0.092091165
-0.03765793
-0.17409287
-0.21028243
-0.20363678
-0.10978005
-0.12299584
0.027613143
0.08840889
0.10192254
0.04042678
-0.13383654
-0.28037027
-0.35488567
-0.25827172
-0.06336275
0.022834137
-0.025351984
-0.08142297
-0.14094022
-0.18848053
-0.10105805
-0.2552148
-0.35931438
-0.41523367
-0.35690337
-0.25882205
-0.17971776
-0.14030387
-0.26269466
-0.21027794
-0.043138035
