-7.6397555e-11
0.03514221
0.001463687
0.042446457
-0.07527225
-0.14665353
-0.17934892
-0.23439056
-0.19935654
-0.196882
-0.11071654
-0.12358749
-0.15623039
-0.14291374
-0.19504622
-0.25537416
-0.30428904
-0.3817798
-0.4406682
-0.40073732
-0.39999992
-0.37825745
-0.5838183
-0.0578788
-0.015108369
0.29726672
0.3323577
0.27375063
0.13961066
-0.0017933343
-0.043744855
-0.07146741
0.02161792
0.12861907
0.12050448
0.16650844
0.20167544
0.19822928
0.20212686
0.13886654
0.14275444
0.08865189
0.12902763
0.25795916
0.29518387
0.36617136
0.39049083
0.48189378
0.45376277
0.5305675
0.42365432
0.24138446
0.019454964
-0.11221195
-0.35251436
-0.29265612
-0.20111005
-0.05179908
-0.042670913
-0.016027328
