7.185008e-11
0.051497802
0.086398125
0.078110255
-0.072623596
-0.198249
-0.20278294
-0.13742009
-0.09048209
-0.10797861
-0.14958668
-0.16974619
-0.15688384
-0.11070335
-0.108576894
-0.1807836
-0.31287265
-0.35406685
-0.35039613
-0.29765716
-0.2704811
-0.31077492
-0.2694135
-0.37395498
0.23731665
0.2854416
0.3317241
0.2050468
-0.024469424
-0.08866472
0.047176432
0.11264817
0.09644785
-0.030366838
0.08359672
0.10147534
0.18431841
0.25208226
0.16438094
0.06336812
0.05730135
0.103125006
0.19225203
0.23117167
0.23268345
0.26165166
0.29993987
0.44528043
0.40401942
0.3721712
0.23158532
0.058429703
-0.07055126
-0.10668475
-0.14225933
-0.19278292
-0.22090298
-0.20016599
-0.04857056
-0.020820184
