1.2732926e-10
0.08661193
0.041109994
0.03436284
-0.2427299
-0.426835
-0.45107386
-0.17765534
-0.091214016
0.13423842
-0.15941118
-0.25509048
-0.41621742
-0.10480352
-0.13592239
0.49132365
0.35531783
0.33920774
0.11695032
-0.17218919
-0.11724588
-0.16994527
0.034816477
0.19829817
0.2002757
0.4550455
-0.12229081
0.068233475
-0.1571984
0.15630788
0.2193769
0.50693744
0.033449773
0.22728178
-0.5043778
0.49985772
0.1835674
0.6419019
0.2541958
0.32745
0.13322988
-0.18604004
-0.061238784
0.006462209
0.06701025
0.069393486
-0.19146024
-0.27294552
-0.28200343
-0.1831239
0.04219005
0.23051831
0.16470635
0.06726972
-0.18042794
-0.41440925
-0.3356484
-0.17598316
-0.17249613
-0.039132487
