-7.275958e-12
0.008818109
-0.014188886
0.011598752
-0.0044817654
0.010632895
0.01294874
0.01861196
0.018938858
0.020860579
0.017818747
0.0064273784
0.009042701
-0.0048975814
0.013238648
-0.0065733655
0.0050349473
-0.007981257
-0.00027380697
0.014411647
0.010841281
0.021144059
0.008486196
0.025185604
0.0013413457
0.0021665387
-0.0034492263
0.0035582376
-0.0044799265
-0.0024762999
0.0016105741
-0.0012042143
0.0012019866
-0.00716104
-0.010162579
-0.022859572
-0.022840947
-0.024467718
-0.022829572
-0.019827545
-0.0225738
-0.015974145
0.0023805422
0.009298595
0.008665776
0.0043650554
-0.013343062
-0.0054225377
-0.015677268
-0.0084645115
-0.02053345
-0.013521966
-0.012615794
-0.011683803
-0.00461087
-0.009515004
0.006207375
-0.008338131
0.010642067
-0.008374666
