2.2191671e-10
0.024265144
0.08137488
0.047077127
-0.055001523
-0.180527
-0.20779847
-0.19492823
-0.13844119
-0.14209709
-0.15979892
-0.12704928
-0.14089559
-0.14910708
-0.15996794
-0.17529096
-0.29236674
-0.36526993
-0.38450098
-0.3677595
-0.3280366
-0.35304117
-0.33045614
-0.61178386
0.2297832
0.3052939
0.38678783
0.24366044
0.11171955
0.0027934015
-0.017590068
0.046791375
0.060348928
0.039561212
0.13216582
0.15537791
0.17802973
0.23706575
0.16200954
0.115684286
0.06305322
0.13059723
0.17175695
0.1656695
0.2748208
0.29926693
0.3573295
0.35890117
0.5178341
0.37571648
0.4333549
0.17737906
0.057806276
-0.04233929
-0.16579461
-0.299401
-0.29757485
-0.16602749
-0.094340056
-0.01863299
