3.929017e-10
0.040810063
0.022065528
0.20814602
0.1909358
0.1462041
0.21616665
0.1694988
0.19274676
0.113125995
0.1413385
0.1307613
0.09416872
0.27816847
0.3361632
0.3883627
0.4175123
0.47196323
0.54920924
0.40654254
0.45132518
0.14187844
-0.009961948
-0.22953525
-0.3717099
-0.28699034
-0.1550227
-0.0057367096
0.059729476
-0.0120336935
-0.0067626648
-0.08954873
-0.1750328
-0.2248581
-0.22626646
-0.18577005
-0.19899908
-0.09426543
-0.08066728
-0.16341658
-0.19623667
-0.20848724
-0.21712439
-0.33789736
-0.42468113
-0.44194698
-0.4181347
-0.4037917
-0.38596255
-0.65290767
0.11730492
0.14464688
0.42404532
0.29892907
0.24975388
0.06032624
-0.040607415
-0.017665248
-0.09806213
-0.037198275
