-9.094947e-13
0.026539093
0.019317497
0.1461935
0.16841552
0.14216615
0.22411329
0.19820738
0.19919002
0.12421115
0.104329884
0.14622621
0.13055733
0.2662441
0.3292332
0.38243893
0.4282935
0.45705706
0.5106928
0.4280146
0.39498654
0.171099
-0.050244715
-0.21320513
-0.33219957
-0.26839688
-0.1345497
-0.05218566
0.034396917
0.009664213
0.0075798845
-0.05633161
-0.16867417
-0.19550358
-0.228834
-0.18700895
-0.18014011
-0.12279673
-0.11945015
-0.17587762
-0.16817878
-0.1937644
-0.23594168
-0.32405078
-0.40916103
-0.43033963
-0.39823171
-0.40743124
-0.381953
-0.6016132
0.011040501
0.16250569
0.33960637
0.29946345
0.23645987
0.11249448
-0.01995057
-0.030125186
-0.084004916
-0.020561686
