-5.820766e-11
0.049334478
0.0982321
0.21308616
0.23144577
0.07724994
-0.028860921
-0.09262367
-0.053172402
-0.11145936
0.27392548
0.12237486
0.2828784
0.0711385
0.18293159
-0.043840647
-0.056819927
0.16255212
0.23210874
0.17309791
0.20041128
0.06729431
-0.11144467
0.29323307
0.40622193
0.20535976
0.16004953
0.1378537
-0.1888646
-0.12165867
-0.09303154
-0.006837818
0.031181972
-0.110057786
-0.117237926
-0.118939675
-0.051045027
0.06365645
0.07030304
-0.04176177
-0.124414414
-0.20792684
-0.23336548
-0.18783462
-0.1077547
0.0038954234
0.004213886
0.0059945434
-0.13886254
-0.27566412
-0.28983387
-0.14967947
-0.068035044
-0.039609954
-0.11629549
-0.253225
-0.24397258
-0.11840325
0.0024277237
-0.023695502
