-2.6466296e-10
0.213765
0.098512754
0.32353434
0.45035273
0.27357715
0.3072816
0.3302075
0.31876433
0.21905273
0.08696751
-0.036156572
-0.16591284
-0.17996009
-0.19958389
-0.16257045
-0.11148387
0.029797792
0.09099622
0.11844792
0.05012782
-0.101799995
-0.2540803
-0.3057032
-0.2263777
-0.1232521
-0.035106085
-0.028005818
-0.06956939
-0.11929916
-0.12583669
-0.09947059
-0.229649
-0.36352074
-0.38741013
-0.3653236
-0.24800949
-0.22149052
-0.11215527
-0.24661906
-0.046661023
0.16244972
0.2748234
0.3113669
0.23056719
-0.025574345
-0.1406475
-0.11259126
-0.009865828
0.0963194
0.10382114
0.14441866
0.18334785
0.18903936
0.32618466
0.09232214
0.121773735
-0.21042396
-0.12716097
-0.050720934
