-4.7293724e-11
0.027881088
0.01623393
0.0062150136
-0.0938025
-0.17896661
-0.20352466
-0.2063136
-0.18218943
-0.15799358
-0.10408965
-0.13210902
-0.15743299
-0.15824524
-0.18682584
-0.24204907
-0.32704714
-0.39346406
-0.4339148
-0.3925196
-0.40740114
-0.37509358
-0.58996654
-0.011062932
0.09184846
0.31514156
0.30264312
0.24068154
0.095960796
-0.019274162
-0.03807285
-0.006987148
0.04723241
0.15455511
0.14664756
0.16203205
0.2080889
0.18657309
0.17027044
0.10812857
0.11824674
0.11966619
0.14185531
0.26947045
0.31016448
0.36867526
0.39610952
0.4759691
0.44918507
0.5133289
0.41786906
0.19021489
-0.028042223
-0.1539515
-0.32024765
-0.28500468
-0.15495898
-0.05258703
-0.022318121
-0.00819397
