8.913048e-11
0.10507275
0.06378451
0.30444348
0.22389628
0.14835069
-0.01093447
-0.0969428
-0.042247735
-0.018303836
0.035602894
0.18863189
0.22635593
0.24368323
0.21903735
0.15509298
-0.14783555
0.09590421
0.10784936
0.2855044
0.24534065
0.22693375
0.049758654
0.19185135
0.3925525
0.43311256
0.2909371
0.20012839
-0.10965367
-0.20492618
-0.1830915
-0.11108178
-0.027726296
-0.087531574
-0.105846465
-0.064052366
-0.023177862
0.014776125
0.028162079
-0.06893271
-0.17205262
-0.20291772
-0.21686706
-0.18438762
-0.12347564
-0.078727365
-0.0605529
-0.009088337
-0.12218565
-0.23684713
-0.35492697
-0.3247705
-0.2289464
-0.16415003
-0.18525079
-0.2526391
-0.24574828
-0.2534014
-0.04856626
-0.03501377
