1.7462298e-10
0.35892618
-0.007823832
0.32060748
0.40671277
0.14559087
0.21524025
-0.4662544
0.18838198
0.08909926
0.36404362
0.49238503
0.4108848
0.007419016
0.13085073
0.31481963
0.4558092
0.17921951
0.27227375
-0.081830695
-0.2758043
-0.26626575
-0.24651906
-0.063797176
0.0064202743
-0.017881226
0.041332483
0.09499318
-0.08817801
-0.16582036
-0.18492967
-0.24038137
-0.14614722
-0.01734249
-0.0694545
-0.18703899
-0.2278924
-0.16351321
-0.113751054
0.08310341
-0.046162598
-0.3201573
-0.4331231
-0.4227285
-0.26804233
-0.18251139
-0.016013581
-0.213859
-0.22889447
-0.23718831
0.14967391
0.24181008
0.36804742
0.26389977
0.1298023
-0.14642401
-0.12595133
-0.060832173
-0.004080901
-0.007868395
