5.2750693e-11
-0.0037782043
0.18242618
0.12864609
0.12405998
-0.0005520396
-0.10410255
0.13884468
0.012052789
0.25547227
0.21406382
0.3336584
0.25144026
0.25454274
-0.046403315
0.03277862
-0.06287597
0.016637858
0.15039265
0.17401943
0.2700049
0.26671743
0.23205695
0.2707597
0.2512837
0.32417482
0.40503085
0.46803552
0.45225957
0.4200967
0.37948358
0.20843975
0.16928148
-0.009590401
-0.044390794
-0.11973798
-0.09221999
-0.095597714
-0.16176903
-0.19818228
-0.24900034
-0.213081
-0.23738663
-0.07247196
0.05564035
0.16317144
0.17175035
0.13132091
-0.031396665
-0.13353679
-0.29082513
-0.25872284
-0.25980732
-0.13660115
-0.11059854
-0.048066854
-0.08833883
-0.106470376
-0.17049569
-0.17753391
-0.18877363
-0.12249442
-0.06253472
-0.03764312
-0.07484403
-0.1761638
-0.26816133
-0.36615327
-0.3860767
-0.403831
-0.35134116
-0.3028981
-0.28476
-0.26623812
-0.29310858
-0.3222022
-0.32394993
-0.3489107
-0.323537
0.28782764
0.140257
0.41951966
0.29148674
0.4345222
0.07110223
0.083793744
-0.09626857
-0.17099237
-0.035759326
-0.012114734
