4.092726e-11
0.05283446
0.027405325
0.14052066
0.020179108
0.08393573
-0.010856361
-0.0057763197
0.02963004
0.019838806
0.124993965
0.21249625
0.17175595
0.32616982
0.03814557
0.05490238
-0.268802
0.26113412
0.03804642
0.48205337
0.1578714
0.234317
-0.008237961
-0.011985071
0.26835036
0.28823683
0.082501784
0.09637833
-0.17842406
-0.2066268
-0.13465361
-0.046558984
0.0644243
0.10938172
-0.02770658
-0.07946393
-0.11371116
-0.12161559
-0.10020055
-0.09218449
-0.07514482
-0.10550395
-0.15946995
-0.14616139
-0.14481694
-0.075550884
-0.03724522
-0.0010187086
-0.10681755
-0.24375552
-0.32976267
-0.30323267
-0.14143503
-0.047427416
0.060966104
-0.08520113
-0.098798245
-0.16936174
-0.03970758
-0.011245466
