-4.3291948e-10
0.0027389526
0.43177888
0.20221722
-0.12808247
0.45944083
0.19131623
0.1833041
0.36898983
0.23045255
-0.14210556
-0.7372419
0.29049745
0.44685647
0.68850523
0.19871247
0.5332631
-0.34415743
0.21937326
0.4361056
0.13041802
0.11413987
0.016122743
-0.24461871
-0.24735287
-0.21202137
-0.059723828
0.0075758304
-0.11863967
0.046615154
0.21415444
-0.16992822
-0.29413632
-0.39782733
-0.23519331
-0.03349385
-0.0200806
0.031615593
-0.18814571
-0.28783357
-0.22474052
0.032721967
0.0077186376
-0.34618497
-0.43336546
-0.51857024
-0.22517475
-0.08288811
0.29975396
-0.22547397
-0.12231836
-0.26224518
-0.017563015
0.3896721
0.46225512
0.2613725
-0.36823967
0.077657744
-0.30363032
-0.03481066
