-1.3778845e-10
-0.09766102
0.28477842
0.3486474
0.45582968
0.34210265
-0.31842476
-0.26515684
-0.004684292
0.17164022
0.25632793
0.1344519
0.19499882
0.16718733
0.17248724
0.36897457
0.03634996
-0.109111175
-0.20533893
0.20752138
0.32624185
0.61674595
0.23860991
0.31655517
0.052513346
0.2317853
0.4665423
0.26027045
0.07101956
0.064598925
-0.29781136
-0.23374897
-0.24851377
-0.20176119
-0.07624943
0.07686016
0.14444482
0.11322814
-0.14276402
-0.29774642
-0.41345763
-0.32446125
-0.006057566
0.08661212
-0.039505906
-0.14817199
-0.25040275
-0.23781565
-0.09405315
-0.2282356
-0.3339327
-0.43480277
-0.36702272
-0.1907972
-0.08913448
-0.056105748
-0.35086375
-0.35183
0.044286087
-0.012909932
