-3.6379788e-10
0.110354856
-0.0024363417
0.0957873
-0.11713968
-0.30051696
-0.48585343
-0.2587313
0.06047266
0.102587126
-0.06363238
-0.26449487
-0.21380928
-0.20166805
0.09706312
-0.20474848
-0.4139812
-0.5004439
-0.3775851
-0.0949313
0.13421491
0.03780507
-0.26088193
-0.20974731
-0.16044132
0.42495114
0.37496033
0.35915327
-0.32065323
0.04106942
-0.23202458
0.4335068
0.20213431
0.17262708
-0.14796276
0.048480548
0.16605633
0.67475843
0.06478977
0.16865957
-0.9287257
0.34434772
0.38827845
0.6708337
0.28486314
0.4268464
-0.42094398
0.283805
0.47694606
0.07949585
0.124042645
-0.19355668
-0.2027934
-0.19364737
-0.07556207
-0.043504503
0.0040152296
-0.2547608
0.113644
-0.024021488
