-7.094059e-11
0.1597634
0.14948718
0.32277307
0.23331279
0.2197757
-0.09523557
-0.066202894
-0.08112623
0.007461006
0.06944102
0.09142953
0.15088502
0.19405797
0.20519345
0.31297037
0.055602416
0.0435281
-0.1470257
-0.024995198
0.178689
0.2929764
0.4214797
0.27091247
0.33584145
0.3099854
0.3112254
0.21382913
0.11368877
-0.041633237
-0.15513593
-0.17426576
-0.19742352
-0.17771369
-0.1188841
0.032560866
0.090782106
0.11613184
0.041710906
-0.11369722
-0.24709375
-0.27176687
-0.20412767
-0.12861842
-0.060051527
-0.050432593
-0.076965794
-0.09746582
-0.10427808
-0.096116304
-0.24759586
-0.3572115
-0.37990427
-0.33435768
-0.2561416
-0.19712238
-0.15986241
-0.21669225
-0.10075245
-0.027178653
