6.4574124e-11
0.1691006
0.05550272
0.22246535
0.067396015
0.028649904
0.16656324
0.2991319
0.21203199
0.17494139
-0.099767655
0.038222674
0.14920598
0.2779275
0.35456514
0.29266685
0.2679433
0.32249475
0.51331466
0.45195654
0.31714988
0.21575814
-0.07333383
-0.17071477
-0.13757163
-0.19646251
-0.21591492
-0.19003269
-0.07290258
0.08649196
0.19004858
0.04666365
-0.20691949
-0.31902236
-0.31364137
-0.13125756
-0.002779615
-0.04921587
-0.12293193
-0.18445067
-0.19920988
-0.08865347
-0.12129604
-0.25827652
-0.3953229
-0.42193598
-0.34872824
-0.29086185
-0.25485688
-0.2899667
-0.47725335
-0.032931276
0.16074988
0.34272003
0.5268707
-0.025680395
-0.014327779
-0.28331655
0.07861069
-0.034050908
