-6.91216e-11
0.11505278
0.118947536
-0.09810393
-0.42433834
-0.48269928
-0.41320658
-0.24506526
-0.12434685
-0.17457329
-0.31931025
-0.34772393
-0.04204474
0.16623044
0.45538148
0.387025
0.23861386
-0.10294116
-0.17430949
-0.12526146
-0.0043647066
0.1495449
0.11044344
0.17864692
0.19352996
0.21078725
0.19699806
0.12460452
0.028784398
0.12508678
0.09361909
-0.005779192
0.24205825
0.20152777
0.25004673
0.5026243
0.33864522
0.4323789
0.33995467
0.24078779
0.04057525
-0.10010177
0.0042879432
-0.090467565
-0.23168528
-0.30321956
-0.23195578
-0.036499217
0.060408242
0.115213454
0.13394861
0.015669785
-0.17436755
-0.27309206
-0.3106538
-0.2831926
-0.14035654
0.023790803
-0.045621123
-0.009548481
