-2.0918378e-11
0.12599121
0.104851164
0.3121336
0.42554903
0.32274824
0.2476449
0.3288224
0.30773363
0.2617258
0.14604753
-0.015203614
-0.1804419
-0.20696487
-0.21078116
-0.14946389
-0.10386031
0.016218033
0.08040962
0.09925808
0.013004606
-0.10418257
-0.21517587
-0.26001686
-0.17686763
-0.11822988
-0.08533502
-0.094630554
-0.11188468
-0.08309621
-0.07068022
-0.05183163
-0.22447513
-0.3633834
-0.38950783
-0.33470008
-0.2522118
-0.18109408
-0.14109686
-0.2148682
-0.050574593
0.15502259
0.21671766
0.3418418
0.2129943
-0.020016298
-0.05980167
-0.1348923
-0.013352813
0.0046364143
0.1352629
0.14627649
0.18686862
0.20271796
0.26700383
0.0795573
0.05110181
-0.059041936
-0.020072278
-0.014348103
