-6.039045e-10
0.21937054
0.08413779
0.33322057
0.49421275
0.29765585
0.28429013
0.33635324
0.33360168
0.29453287
0.12520549
-0.015798446
-0.15818867
-0.18643226
-0.20054515
-0.16139805
-0.11542016
0.0046712477
0.054651156
0.10284868
0.09385933
-0.08483984
-0.27718925
-0.34804553
-0.26604885
-0.13084893
0.007619267
0.008379893
-0.059272785
-0.14126693
-0.1920613
-0.098756194
-0.21148112
-0.33924082
-0.4144777
-0.37636724
-0.28461546
-0.21295902
-0.13207552
-0.23621187
-0.17335087
0.14316937
0.2219636
0.40254346
0.21087112
-0.028901875
-0.08144709
-0.2200132
-0.0032565072
0.17763141
0.1160986
0.15420447
0.17910859
0.19384536
0.2622364
0.16162089
0.20041075
-0.22004762
-0.17520714
-0.07381961
