-1.4879333e-09
0.2689045
0.1761338
0.37580475
0.2869552
0.13693705
0.008633694
-0.038962733
-0.1274569
0.041574024
0.15739448
0.145898
0.19940592
0.18943167
0.16882445
0.1744939
0.14641713
0.16548468
0.070471466
0.12892832
0.2493604
0.301023
0.3719903
0.3827678
0.5044665
0.44887912
0.5659043
0.37507161
0.28832683
0.06104136
-0.13813663
-0.3692169
-0.32549137
-0.18960676
-0.019278392
-0.021759164
0.04235829
-0.012847867
-0.09622778
-0.08629364
-0.19175284
-0.23436636
-0.23299105
-0.18001196
-0.11503669
-0.10680077
-0.09898423
-0.16887532
-0.21976909
-0.26317114
-0.25639632
-0.36386946
-0.4565665
-0.4219786
-0.41744676
-0.4017812
-0.51541984
-0.32276967
-0.008186778
-0.10811627
