-1.1937118e-11
0.26832455
-0.062067866
0.30998278
0.2971751
0.21687189
0.04682854
-0.2846462
0.2975433
0.30802956
0.511985
0.28406084
0.33222994
-0.08866668
-0.12264283
-0.12341384
-0.06294017
0.11005737
0.01566353
-0.19768931
-0.18186182
-0.20308384
-0.12469881
0.07846211
0.13177212
0.07243361
-0.006032791
-0.17750445
-0.332835
-0.3018992
-0.21836284
-0.043403756
0.05141414
0.09536252
-0.07215067
-0.2872447
-0.32433924
-0.2810028
-0.11099185
-0.026288137
-0.13681027
-0.2851516
-0.35770077
-0.26327783
-0.16532418
-0.015803318
0.20552167
0.27753222
0.28021953
-2.9802788e-05
0.019139746
-0.070475936
-0.1399163
0.24951102
0.019423015
0.26432636
-0.046095967
0.07976648
-0.23921719
-0.071890965
