-9.094947e-13
-0.0013281081
0.01087205
0.0039339573
-0.003361623
-0.0043603405
-0.0024039857
-0.004079421
-0.013995189
-0.022068243
-0.015905594
-0.023697674
-0.023784215
-0.021536877
-0.01886906
-0.009972083
-0.011152752
0.007095784
-0.0014586543
0.0024073473
-0.0068118763
-0.008320782
-0.008963399
-0.0145459
-0.016687177
-0.02148314
-0.016925422
-0.009038102
-0.007923528
-0.011161735
0.012868881
-0.0074958797
-0.0005241581
-0.011982448
0.016636716
0.00061291456
0.010731889
0.021781206
0.0034232838
0.046184413
0.005782592
0.05820198
0.010810698
0.015051389
0.01848296
-0.00022081565
0.017467061
0.007513812
-0.0046888283
0.021779206
-0.007061219
0.021456245
0.01874014
0.005178027
0.021298993
0.0031237835
0.012443703
0.0027721336
0.0053172577
-0.002161904
