1.6189006e-10
0.045783654
0.18611073
0.17473853
-0.041613728
-0.26572376
-0.27674666
-0.17904913
-0.099275135
-0.06509207
-0.114909336
-0.18520296
-0.17068137
-0.048477247
-0.023629513
-0.18689394
-0.34301567
-0.40392897
-0.3785686
-0.29895797
-0.24382316
-0.32192913
-0.27414075
-0.5082618
0.31063193
0.26832324
0.37829253
0.26141098
0.1442586
-0.30776885
0.028642487
0.10841565
0.14178364
-0.020450551
0.048716128
0.0414221
0.20207211
0.32160866
0.30723688
-0.043586865
-0.08557646
0.025749426
0.16371495
0.30415615
0.22293782
0.24175265
0.30704463
0.4635658
0.4536968
0.41931438
0.22241576
0.05522406
-0.07384044
-0.10486211
-0.10063559
-0.18789917
-0.24570933
-0.2519188
-0.1081735
-0.027356444
