3.45608e-11
0.03662104
-0.004129298
-0.02947496
-0.11456983
-0.15389219
-0.20059617
-0.18459062
-0.12410256
-0.15008248
-0.12557998
-0.10200007
-0.1597672
-0.18482336
-0.21201088
-0.21496838
-0.31504136
-0.39905876
-0.39153615
-0.37313956
-0.40052748
-0.36966082
-0.50044644
-0.014044667
0.13243136
0.32555798
0.25590625
0.18976326
0.062304474
0.013484707
-0.019354943
0.033248708
0.068306156
0.12340273
0.13900751
0.1655406
0.19107372
0.15903485
0.1508579
0.11280057
0.11836518
0.13805816
0.16840288
0.25492802
0.2977894
0.35596374
0.40884364
0.4193087
0.51198816
0.34960917
0.3814538
0.12319214
-0.024338339
-0.18357113
-0.2511776
-0.24654865
-0.14508536
-0.050722346
-0.03170933
-0.013517098
