6.848495e-10
0.32528952
0.24009156
0.3756368
0.28137714
0.1071426
-0.008307317
-0.034574326
-0.11244779
0.038623422
0.15461808
0.14105162
0.2099206
0.18562187
0.16063903
0.17892535
0.159349
0.1679654
0.05781777
0.13750738
0.26276606
0.30730692
0.37748083
0.38436392
0.50013727
0.4732191
0.5174002
0.48178753
0.224404
0.033032462
-0.13059384
-0.37419719
-0.33427542
-0.20720617
-0.036890253
0.007511735
0.033067033
0.031713482
-0.11467458
-0.12680846
-0.18777218
-0.22695601
-0.2248458
-0.20193858
-0.097316064
-0.109398246
-0.13934223
-0.14943196
-0.18371174
-0.2609806
-0.29500902
-0.3781252
-0.45843923
-0.42270294
-0.40419888
-0.4038302
-0.47799996
-0.46940142
0.13323149
-0.10138156
