5.7752914e-10
0.5656757
-0.016633019
0.37467414
0.3017699
0.038842574
0.27174908
-0.25053492
0.07740163
0.28325713
0.2508037
0.3191903
-0.107129194
-0.00024264585
0.024435692
0.45282805
0.5635742
0.4392857
0.48755845
0.041186444
-0.08762805
-0.12283836
-0.011616449
0.095613234
-0.044410475
-0.21925274
-0.3556646
-0.23468947
-0.046157323
0.08557798
0.20396091
0.1689478
-0.022104487
-0.27519733
-0.37954587
-0.35185343
-0.25663134
-0.03923074
0.11705965
0.13325192
-0.09867607
-0.2784273
-0.3472317
-0.3429571
-0.17272069
-0.12409923
-0.284294
-0.3377463
-0.39847052
-0.35155082
-0.21670789
-0.4317599
0.5803033
0.36084387
0.39569008
-0.050521083
0.12544914
-0.2593544
-0.27359068
-0.08531955
