6.366463e-11
0.017315425
0.12697259
0.08898206
-0.069566235
-0.21242657
-0.3020781
-0.27319914
-0.12500261
-0.020111697
-0.07239656
-0.11857702
-0.18358818
-0.16334678
-0.079520166
-0.21333626
-0.31431565
-0.41544843
-0.39959827
-0.31029162
-0.25054133
-0.24964434
-0.25369298
-0.49168432
0.19809274
0.28254896
0.3750788
0.29110244
0.23341393
-0.3295607
-0.06746112
0.049729567
0.1912347
0.055872668
0.152077
0.14484295
0.1496685
0.2263669
0.3054387
0.0633014
-0.1527291
0.14313939
0.14233217
0.26164147
0.3871215
0.33783782
0.31886417
0.31900543
0.4728292
0.4156204
0.24003428
0.113045424
-0.07621054
-0.17775032
-0.2234174
-0.20198926
-0.14752156
-0.17504555
-0.03862292
-0.013777987
