1.4324542e-10
0.12735249
0.03689479
0.15771171
0.18763019
0.28589886
0.2853642
0.29450014
0.13863558
0.04849033
-0.098990895
0.0044136066
0.012068663
0.1346984
0.20558
0.29096043
0.2501009
0.2613356
0.28162628
0.27820113
0.35587007
0.41808057
0.4822914
0.4044106
0.4244589
0.3034796
0.21754539
0.084853426
-0.052373216
-0.08388913
-0.14202455
-0.10283062
-0.14714274
-0.15150431
-0.2282298
-0.22003183
-0.22817124
-0.14965962
0.008552203
0.109738514
0.17430472
0.16205774
0.03531497
-0.081565
-0.2326715
-0.27613515
-0.2685786
-0.20241454
-0.113629684
-0.097800486
-0.051217325
-0.1250914
-0.109225795
-0.19439453
-0.14901166
-0.16707455
-0.058716044
-0.059497647
-0.038953733
-0.15229869
-0.24196053
-0.34648603
-0.3857652
-0.39835566
-0.37223047
-0.31604338
-0.28088123
-0.2547522
-0.29614797
-0.30181742
-0.32785994
-0.30834264
-0.4214458
0.29084545
0.09330748
0.41613957
0.28860915
0.462109
0.10770288
0.07826306
-0.055772565
-0.21614042
0.027923308
-0.048325505
0.1779522
0.12443693
0.123943835
-0.008555632
-0.084498346
-0.039727632
