3.0559022e-10
0.10416486
0.06414921
0.2140811
0.115905836
0.07634723
-0.15165791
-0.31139013
-0.35324216
-0.28161398
-0.17528892
-0.060904935
0.13027936
0.052953385
-0.10157231
-0.21348122
-0.32026088
-0.264264
-0.19225329
-0.059039343
0.008810062
-0.20035239
-0.2891449
-0.36950642
-0.40115407
-0.26762804
-0.18815297
-0.063731484
-0.093348324
0.11531188
0.1625559
0.117723376
0.2414924
-0.006480621
0.12825015
0.001396874
-0.07691509
0.22753413
-0.11071132
0.21142656
-0.00941457
0.14885984
-0.36128896
0.38128936
0.080364056
0.3276114
0.36530778
0.29265094
0.12119986
0.0061780065
-0.57637674
0.3212818
0.07133461
0.24987923
0.67621577
0.17903641
0.40783766
-0.113180146
-0.11663794
-0.048052747
