2.237357e-10
0.37469319
-0.040258452
0.5838504
0.30310148
0.38924286
0.19452313
-0.17545272
-0.06111127
-0.10824279
-0.030196069
0.16626394
-0.069726035
-0.23392068
-0.23442687
-0.13970321
-0.06534759
0.14518337
0.12978074
0.0179189
-0.0928524
-0.27756944
-0.2941727
-0.25260395
-0.16437212
0.034803912
0.09201705
0.017142445
-0.19744977
-0.3300618
-0.33080897
-0.1639093
-0.058517493
-0.05031646
-0.23696657
-0.33523828
-0.3547861
-0.17055246
-0.1187826
0.10894753
0.39761043
0.20952313
0.21125856
-0.063206255
-0.0737799
-0.0763278
0.0015170984
0.12225193
0.18197817
0.07262984
0.08285738
-0.31217828
0.35213917
0.22622848
0.43234646
0.13458306
0.20451823
-0.2880481
-0.3662181
-0.12622882
