6.039045e-10
0.4128123
0.08753023
0.2504713
0.37914148
-0.06468109
0.09594375
-0.119259685
0.10021096
0.24814233
0.33230907
0.20098522
0.07634341
-0.30502725
0.31289136
0.29915786
0.5140294
0.2855386
0.3270577
-0.10263249
-0.11255404
-0.12453959
-0.058510907
0.13050161
-0.001446981
-0.21718827
-0.19458617
-0.18603954
-0.1165103
0.117888525
0.1296736
0.039210442
-0.043078918
-0.21044168
-0.31549108
-0.2865087
-0.20065527
0.012388542
0.0760964
0.06580554
-0.14527841
-0.32205743
-0.33359957
-0.21615782
-0.08503277
-0.023344327
-0.2056559
-0.3207682
-0.37003982
-0.18651862
-0.13875608
0.08057715
0.40896308
0.19232817
0.285559
-0.1111212
-0.052347086
-0.062787995
-0.07041446
-0.04420697
