8.731149e-11
0.008831447
0.038354572
0.016446032
0.017975722
0.03508185
-0.06387926
-0.045175225
-0.08383472
-0.15886858
-0.14406303
-0.19627199
-0.22332786
-0.20595533
-0.22509176
-0.17623329
-0.2169735
-0.14188495
-0.13481219
-0.13266139
-0.13620652
-0.12320636
-0.20354736
-0.12440954
-0.2292173
-0.18796822
-0.23148558
-0.2663698
-0.24174854
-0.33044797
-0.3334269
-0.40406632
-0.42360562
-0.42945516
-0.40833595
-0.41040158
-0.40086722
-0.40580222
-0.41781074
-0.4377297
-0.48273325
-0.4693383
0.09358076
-0.26527625
0.3259234
0.16517247
0.39683694
0.3159858
0.31982836
0.26167312
0.21984315
0.106065005
0.098981224
-0.023529384
-0.0061682817
-0.04543415
-0.117269285
0.022804733
-0.008449737
-0.0013016261
