6.366463e-12
0.019004162
0.08472398
0.045758434
-0.062559724
-0.15966442
-0.16348404
-0.20477514
-0.18559143
-0.19055946
-0.17289111
-0.10797581
-0.092167586
-0.123360515
-0.16973221
-0.21643165
-0.27068657
-0.3362076
-0.39034504
-0.39011663
-0.3604455
-0.37119636
-0.3392182
-0.6431096
0.19110295
0.24536523
0.4220026
0.27000397
0.14989297
0.012722599
-0.051278032
0.16265167
-0.17418587
0.0878683
0.13632251
0.1807324
0.19125775
0.24266371
0.14962006
0.12047708
0.09869251
0.14993799
0.12327091
0.1365244
0.26338828
0.300579
0.381909
0.38185975
0.47001302
0.46331352
0.44283408
0.27584374
0.11346646
-0.025001004
-0.16544962
-0.32784384
-0.3280938
-0.20593217
-0.08841779
-0.018284656
