-1.8690116e-10
0.15834208
0.22110283
0.37343332
0.08929068
0.26591343
-0.24466784
-0.28846282
-0.17569378
-0.13401535
-0.15311073
0.034774702
0.041754417
0.120524794
-0.032882232
-0.13275908
-0.28263438
-0.47115582
-0.2542638
0.050892584
0.11011253
-0.06893685
-0.2647052
-0.21259952
-0.21115337
0.09727258
-0.17877865
-0.4100861
-0.4849484
-0.41948026
-0.10966974
0.045202196
0.17125991
-0.31766236
-0.13341111
-0.21667933
0.33695775
0.2841332
0.45982414
-0.15640625
-0.15641493
-0.25870803
0.16650793
0.27022684
0.5244735
-0.63966405
0.49298584
0.123958185
0.54029953
-0.018377364
0.49119526
-0.780296
0.38561237
0.010070711
0.5880523
0.43589038
0.37542284
0.10781967
-0.3007059
-0.065883815
