-1.0913936e-11
0.015439667
-0.011348038
-0.04648058
-0.0989846
-0.1599173
-0.17578372
-0.1729598
-0.13407531
-0.13167799
-0.13285029
-0.114305496
-0.15124455
-0.18420443
-0.21201223
-0.22595966
-0.3062659
-0.38716564
-0.3724974
-0.36559045
-0.37879598
-0.36429194
-0.451356
-0.034035254
0.1395856
0.30196598
0.23392448
0.17024037
0.06186652
0.020644786
-0.009599686
0.03752475
0.06977697
0.11802575
0.13683921
0.15460993
0.18131116
0.15305369
0.14440036
0.12079988
0.11802162
0.14348513
0.17714357
0.24783209
0.29627597
0.34906584
0.39965397
0.4095385
0.49502158
0.34012234
0.33371884
0.10439618
-0.03340969
-0.17489664
-0.2352379
-0.21995078
-0.14781596
-0.040738292
-0.04096135
-0.01007146
