1.5734258e-10
-0.0030914769
0.092165284
0.21920514
0.30681297
0.26259464
0.2548231
0.36461368
0.4901659
0.42564458
0.3379337
0.20271571
-0.05645881
-0.1268181
-0.10456623
-0.15135849
-0.2240488
-0.22372276
-0.17041174
0.0724133
0.19174883
0.12879142
-0.09745856
-0.31120068
-0.27571946
-0.12924144
-0.0689013
-0.096543975
-0.13849987
-0.1741128
-0.14448349
-0.03752516
-0.054809615
-0.2370768
-0.37809432
-0.40609983
-0.3487408
-0.27449644
-0.26474547
-0.31680074
-0.29982772
-0.41669378
0.29589927
0.32974243
0.45715225
0.04132169
0.13181067
-0.21606229
-0.012371242
0.19859657
0.13917689
-0.11876677
0.10831146
0.15643162
0.23080462
0.30522192
0.23453255
-0.01728301
-0.05188398
-0.026132932
