-7.275958e-12
0.00086488447
-0.0028869119
-0.015326191
-0.007978851
-0.018727407
-0.023948787
-0.016373146
-0.019401804
-0.025451878
-0.013677282
-0.013860294
-0.006834195
0.007707755
-0.0004281561
0.008865359
-0.004896228
-0.00032718503
-0.012410112
-0.0039891885
-0.016193258
0.004449393
-0.014608319
-0.015704712
-0.0071507464
0.0020466524
-0.0014559973
0.009617643
-0.007757149
0.003786538
-0.007367491
0.011120884
-0.00023968122
0.010052234
0.0141965
0.018302882
0.018838363
0.020776737
0.018112151
0.0064591696
0.0072672507
-0.003829938
0.010827506
-0.004569648
0.009070078
-0.005083994
0.004791593
0.005433147
0.013904959
0.017297741
0.008363392
0.018228965
0.006261045
0.0036054482
0.0056640776
0.0055921627
-0.006491223
0.0038703522
-0.0060943062
-0.002003637
