-1.200533e-09
0.06876834
0.08289818
0.28533763
0.43087095
0.26737863
-0.38895854
0.10800239
-0.018571647
0.17878607
0.22317289
-0.1109962
0.2635424
0.099837326
0.24509558
0.51136154
0.24582452
-0.56614274
0.3406581
0.044985317
0.28258762
0.45046252
0.5736879
-0.4967649
0.40547204
0.46236566
0.4579366
0.25828588
0.4605046
-0.30122057
-0.1674155
-0.29266834
-0.030844877
0.008548193
-0.2520781
-0.10521573
0.040381182
0.17883831
-0.082018286
-0.11754555
-0.30019152
-0.33817393
0.02819672
-0.010311749
-0.13036819
-0.24562302
-0.22799513
-0.15965913
0.10547566
-0.009588122
-0.3346935
-0.47078282
-0.4377718
-0.28796637
-0.06777724
-0.23088798
-0.37162748
-0.4401537
-0.32893714
-0.07675887
