-3.8198777e-10
0.08487834
-0.03024055
0.18936978
0.13571684
-0.38658804
0.3059524
0.24005672
0.35527986
0.30606395
0.313886
-0.56843024
0.15908766
0.07562752
0.55074483
0.20974493
0.044234723
0.53562045
0.18912871
0.5995784
0.27297378
0.48859993
-0.1733737
-0.18310906
-0.22166632
-0.064963
-0.08404449
-0.22050332
-0.16372497
-0.031299744
0.24179877
0.07499267
-0.10392356
-0.29305053
-0.33202368
0.029807525
-0.014280099
-0.21447264
-0.23443784
-0.22131377
-0.062562816
0.15866648
-0.02704776
-0.33909166
-0.47614434
-0.41425213
-0.24874511
-0.146609
-0.26731718
-0.34818268
-0.3646152
-0.14216903
0.34400648
0.40132183
0.49178058
-0.07980193
-0.1807526
-0.19820109
-0.047522523
-0.020684715
