-1.8644641e-11
0.08176994
0.02302619
0.216555
0.004335694
-0.24909906
-0.34071064
-0.36181033
-0.20401902
0.0013007838
0.06973478
-0.034064114
-0.24314749
-0.2623262
-0.14928386
-0.13049097
-0.26042885
-0.350299
-0.4468048
-0.30010274
-0.19252527
-0.06856034
-0.107650585
-0.43465322
-0.17379771
-0.01331073
0.28210276
0.5469175
0.31759703
-0.06592323
-0.3052787
-0.050865296
-0.01258168
0.27682766
0.19964336
0.23500688
0.15442735
0.17246312
0.33863002
0.03126081
0.2437652
-0.4810167
0.48680186
0.2035385
0.42115113
0.5639599
0.30570704
0.12698095
0.04825203
0.3186826
0.34839275
0.050034586
0.16759405
-0.025446214
-0.34031802
-0.22946185
-0.14420132
-0.22020952
0.012239742
-0.016588109
