-1.5133992e-09
0.18477266
0.043100238
0.4641139
0.4224922
0.36833146
0.06756351
-0.11025133
0.23247762
0.24808519
0.11342761
0.23427798
-0.14020984
-0.28425905
-0.29670683
-0.2096122
-0.057640027
0.13469198
0.1175178
0.113779955
0.02119647
-0.25352073
-0.2665035
-0.25108567
-0.14954749
0.027025597
0.031933658
-0.08426971
-0.23975958
-0.31050932
-0.1553686
-0.0359777
0.11167674
-0.13627088
-0.33395168
-0.430953
-0.3407099
-0.19997424
0.0018279534
0.015612169
0.01245953
-0.05414711
0.04238145
0.06678291
0.18599468
0.14377892
0.12862532
0.030457906
-0.018089367
-0.010744684
0.016526982
-0.24700505
0.38773867
0.2368365
0.30561864
0.199289
0.22774354
-0.34467512
-0.20858246
-0.066019855
