5.2750693e-11
0.03319423
0.33757138
0.24324775
0.3457567
0.3106239
0.29893413
0.13606575
0.001906042
-0.06462702
-0.12255282
-0.16197605
-0.07696845
-0.10154678
0.16445711
0.14610812
0.15772042
0.1921787
0.11311748
0.115612075
0.024571965
0.08190596
0.14369579
0.140214
0.23862593
0.19386148
0.25636035
0.30728036
0.005127929
0.1956863
-0.04978285
-0.1299997
-0.06511358
0.23158716
0.17414114
0.29363036
0.3324321
0.5045671
0.31058156
0.35141507
0.32509637
0.19660296
0.2238436
0.17811473
0.18333842
0.13477501
0.097167075
0.031062892
0.054201115
0.008056828
-0.029161155
-0.13758726
-0.18544844
-0.24762158
-0.23609582
-0.23702598
-0.16198967
-0.09759484
-0.05417219
-0.019477341
