2.1827873e-10
0.12388578
-0.0047017448
0.16481265
0.1786316
0.2980196
0.2899633
0.28399557
0.14253932
-0.009842278
-0.060843922
0.022577405
0.016679313
0.16692898
0.21788172
0.29546466
0.22250287
0.269562
0.22846344
0.30836412
0.3345465
0.45514017
0.45256594
0.45115462
0.40577412
0.29967296
0.2115215
0.07361527
-0.033241995
-0.0863061
-0.10890813
-0.08402303
-0.13935289
-0.1587072
-0.23807466
-0.23652229
-0.22915095
-0.16266331
0.008570133
0.11257744
0.17834334
0.16714363
0.03157587
-0.08175645
-0.24273947
-0.2654691
-0.28187004
-0.18258421
-0.11074591
-0.074457996
-0.061070316
-0.1131459
-0.12818
-0.1937353
-0.1819947
-0.1544405
-0.07203816
-0.046565406
-0.05389899
-0.13880411
-0.24306156
-0.34219193
-0.38314325
-0.40087807
-0.37022424
-0.31646377
-0.28192756
-0.27648228
-0.2743812
-0.32226956
-0.32818785
-0.31915694
-0.4052256
0.23233499
0.13095734
0.40060025
0.29748178
0.43006653
0.17523143
0.0009029291
0.011072893
-0.21905594
0.016876722
-0.016222842
0.14741458
0.14403287
0.10277541
0.00041477382
-0.07806928
-0.03144131
