-1.8189894e-12
0.1434282
0.08229554
-0.023431629
-0.26086423
-0.29682133
-0.12651846
-0.07633743
0.15553343
0.17214061
0.00916524
-0.076632716
-0.22239149
-0.38266593
-0.31148112
-0.20015997
0.04759689
0.050904173
0.15762466
-0.09388411
-0.32450873
-0.35852623
-0.35447586
-0.121041045
-0.0069280826
-0.042084478
-0.23591268
-0.35275188
-0.39723426
-0.19924009
-0.16799945
0.13231283
0.4481967
0.29232395
0.3937968
-0.2386565
0.020195976
-0.09489986
-0.30778944
0.51762855
0.010413088
0.35296872
-0.06611274
0.15276356
-0.4809513
0.44560802
0.26285052
0.4324685
0.17581552
0.14557861
-0.14964657
-0.6451639
0.3294695
0.29683238
0.6709857
0.22270684
0.3643653
-0.03174279
-0.12790611
-0.042339534
