1.6189006e-10
0.03306123
0.10052347
0.120641425
0.14939299
0.1964777
0.19585684
0.3022402
0.11764818
0.0025303774
-0.12827116
-0.035095613
0.17216611
0.30250615
0.4538989
0.2685833
0.32802793
0.3207425
0.32189056
0.22577806
0.09276118
-0.03041635
-0.16270404
-0.17810512
-0.19900775
-0.16889802
-0.111031115
0.02478268
0.08293107
0.12036761
0.05980537
-0.093559
-0.2508326
-0.3031913
-0.22677696
-0.13578036
-0.037076905
-0.020812906
-0.07077728
-0.121105015
-0.12408216
-0.099502146
-0.21822308
-0.35769576
-0.3885709
-0.36776167
-0.2558117
-0.22193104
-0.11266175
-0.23561746
-0.072189465
0.1742634
0.25331873
0.33228457
0.23230499
-0.02046002
-0.13247684
-0.123498246
-0.048852943
-0.017645422
