2.910383e-11
-0.025136465
0.08127391
0.093279265
0.18861352
0.15112354
0.19467057
0.20557368
0.20128715
0.17376572
0.082813725
0.15212698
0.1958814
0.25780237
0.34564337
0.38439482
0.476297
0.43600708
0.5567081
0.39260095
0.3224783
0.09196566
-0.052300617
-0.3363256
-0.32007313
-0.23835477
-0.09576218
-0.025076937
0.03503121
0.04151023
-0.044986855
-0.049079392
-0.15754092
-0.21920444
-0.2214396
-0.1946871
-0.15348701
-0.13383502
-0.12340589
-0.16637492
-0.21990657
-0.23722413
-0.2390194
-0.3350155
-0.43181103
-0.4171241
-0.40304583
-0.40694103
-0.42869753
-0.50180167
-0.15599114
0.2765045
0.382226
0.30906767
0.2149435
0.08555731
-0.008630177
-0.083760835
-0.069370516
-0.0030464293
