-4.620233e-10
-0.20649353
0.29289654
0.31009227
0.29792625
0.16838567
0.041066863
0.011508336
0.028275402
-0.00680993
0.042907856
0.12548988
0.13280681
0.18783957
0.22211297
0.15624432
0.123974375
0.08842129
0.13621768
0.1356748
0.14945331
0.2509228
0.27885863
0.3471474
0.37943137
0.42987996
0.51446754
0.4366136
0.30102754
0.13995306
0.002040496
-0.12090159
-0.32063797
-0.31386682
-0.19609858
-0.045542665
0.048696756
0.055294957
-0.041977517
-0.12039964
-0.1658456
-0.1883117
-0.18144974
-0.15998906
-0.1558049
-0.14808111
-0.10065373
-0.11300674
-0.14930668
-0.20351985
-0.24453676
-0.30342144
-0.377025
-0.3863824
-0.36555713
-0.36811367
-0.37532905
-0.4277718
-0.49586293
-0.084874354
