3.783498e-10
0.08235219
0.2562321
-0.14011398
-0.3149019
-0.47904295
-0.24107242
-0.06864311
0.13004461
0.5598361
0.18766949
0.34407887
-0.29952338
-0.0050147306
0.08350967
-0.4397613
0.61473745
-0.050696664
0.48200998
-0.15145317
0.27688238
-0.63895977
0.63690203
0.119981185
0.58143646
-0.026760064
0.32888365
-0.5239692
-0.16607615
0.04418631
0.62770855
0.35082334
0.30915508
0.15103698
-0.3030978
0.10879592
0.1508082
0.116720915
0.1983545
-0.14263082
-0.34613675
-0.35191587
-0.20801958
-0.0070349947
0.2915605
0.19445324
0.0687411
-0.09053906
-0.37040782
-0.28680605
-0.23986605
-0.036473364
0.044646453
0.18086058
-0.09434716
-0.28784233
-0.37683234
-0.20221557
-0.0637314
-0.020634936
