8.185452e-12
0.019006321
0.040483855
0.018473499
0.12483123
0.13096887
0.20639372
0.20593426
0.24254115
0.01017936
-0.015050612
0.09241769
0.13167745
0.2674459
0.30281106
0.23097941
0.20308486
0.28998488
0.3899659
0.33183008
0.22830981
0.04733468
-0.11658954
-0.16189796
-0.16025473
-0.14058986
-0.11992083
-0.116580814
-0.00952814
0.04308273
0.021359485
-0.019019041
-0.12533392
-0.17924309
-0.18900056
-0.15296149
-0.1240245
-0.12343024
-0.12073996
-0.1060658
-0.092175946
-0.10245673
-0.1956811
-0.2919543
-0.3289026
-0.30168408
-0.24701948
-0.22124621
-0.22310895
-0.23659325
-0.19112775
0.06675439
0.20557031
0.284582
0.28652123
0.061182685
-0.09800819
-0.040388294
-0.046089932
-0.018225249
