0.0
-0.0070225205
0.009557017
-0.008401
-0.010710778
-0.023843432
-0.007421075
-0.024238609
-0.015434787
-0.024675881
0.0006780289
-0.010671565
0.011082692
-0.0050582504
-0.0020749427
0.003025608
-0.0069372104
-0.009219427
-0.002032308
-0.016575223
-0.00950891
-0.0116202375
-0.01419391
-0.002189544
0.0026471417
0.003419272
0.007509858
0.0011883562
-0.0006959103
-0.009194665
0.009667825
-0.009993998
0.013097157
0.008136072
0.020551505
0.016361028
0.03334493
0.018192675
0.0074926186
0.003163903
-0.0014625841
0.0083884625
-0.0030517878
0.009677348
-0.0040699043
0.0052621923
0.005252382
0.013659165
0.017824829
0.008177176
0.021157423
0.005721749
0.0022377064
0.0024576574
0.004187621
-0.0044254577
-0.0042609125
0.00093292526
-0.0014773487
-0.0029315948
