-8.367351e-11
0.56284535
0.15569288
0.35908362
0.4763517
-0.17949861
-0.029745087
-0.3751862
0.34213144
0.0611704
0.39542136
-0.066635996
-0.5357156
0.34164143
0.36039513
0.56156564
0.069833145
0.37357974
-0.8896165
0.3464658
0.15396373
0.666062
0.21019493
0.63058794
-0.56525403
0.52401924
0.51874906
0.24307576
0.3635024
0.13264033
-0.4385222
-0.2674495
-0.34164914
-0.115163036
0.020637287
0.09289025
0.1745929
0.20923567
-0.25008333
-0.33395094
-0.37049145
-0.1718505
0.1832527
0.057122435
-0.17389852
-0.3343022
-0.3490256
-0.12771729
0.27371946
0.13581696
-0.35075873
-0.5096942
-0.4948613
-0.27697122
-0.107601464
0.04756521
-0.39684838
-0.14303917
-0.32666782
-0.06569876
