1.200533e-10
0.04463871
0.10539947
0.3684918
0.13863799
0.23791783
-0.11993763
-0.0639582
0.024981368
0.015311513
-0.1805605
0.28622064
0.18651217
0.62691146
-0.15665841
0.23922732
-0.6729178
0.46694252
0.12171376
0.6403515
0.121210754
0.2887181
-0.33772784
0.15816525
0.3163659
0.6516583
0.025558107
0.3347057
-0.34596556
-0.25675252
-0.18216918
-0.05079741
0.05520657
0.018414425
-0.16068746
-0.08869706
-0.13426074
-0.051754836
0.03786248
-0.08150977
-0.10454422
-0.15688191
-0.24415085
-0.18825051
-0.22900768
-0.042446412
0.06673776
0.14846021
-0.17611963
-0.37781107
-0.46139836
-0.2997905
-0.09091076
0.10329184
-0.05952958
-0.25947005
-0.4090416
-0.15733781
-0.080627926
-0.031644594
