2.5465852e-10
0.46937528
-0.105929144
0.66295993
0.1526091
0.3381621
0.06292494
-0.14043464
0.10520887
0.025890667
0.057283357
0.10491182
-0.20603526
-0.21450886
-0.22829056
-0.07794976
0.034901418
0.19225138
0.075496726
-0.028822182
-0.088263094
-0.2929331
-0.23835859
-0.19779761
-0.060226966
0.011069873
0.071199365
-0.10370659
-0.24000087
-0.24132861
-0.1579378
-0.018380184
0.033822063
-0.17142256
-0.30260953
-0.42157698
-0.19187987
-0.11952694
0.1364293
0.07323778
0.23271538
0.03831098
0.049813922
-0.012994461
0.09938136
-0.013399386
0.04268516
-0.004802678
0.16694994
-0.041040443
0.14841014
-0.2444446
0.44487178
0.13542244
0.4445358
-0.0065689497
0.20604125
-0.2680503
-0.36615783
-0.15916736
