-3.0013325e-11
0.037008926
0.30988583
0.21105126
0.2069364
0.07428984
0.1507575
-0.1299293
0.00825223
0.18815187
0.23558906
0.20339763
0.24866019
0.021103617
-0.05548843
0.25136855
0.33260474
0.32279462
0.116788834
0.15659055
-0.17957053
-0.12175828
-0.05459286
-0.020946326
0.0360172
-0.011997495
-0.11018412
-0.116989374
-0.11711863
0.015158557
0.034918677
-0.009166667
-0.07336509
-0.20820597
-0.2463038
-0.18113616
-0.1132489
-0.0028830026
0.019125387
-0.01128374
-0.16346627
-0.24985671
-0.32036912
-0.18009438
-0.09652047
-0.031872064
-0.11408102
-0.22945693
-0.28176075
-0.15965863
-0.06966758
0.108841084
0.26318496
0.18897393
0.14709064
-0.039311692
-0.06961984
-0.11557959
-0.066698976
-0.037553824
