-9.822543e-11
0.13643616
0.27821398
0.3365605
0.23593816
0.122736916
0.013375662
-0.004444936
-0.008486392
0.06944579
0.10088208
0.12774609
0.17725219
0.17374471
0.19103476
0.1563951
0.12931229
0.122251794
0.09599234
0.16890669
0.21808189
0.27323097
0.3427637
0.3804444
0.45661527
0.4279818
0.53613216
0.4040922
0.21388796
0.01880656
-0.08909541
-0.2813099
-0.27988592
-0.17936665
-0.11314689
-0.027884718
0.047686912
0.019390333
-0.08085538
-0.14938511
-0.1758617
-0.19895217
-0.1946472
-0.14726777
-0.109163776
-0.14499296
-0.12279913
-0.12907913
-0.18167573
-0.24579951
-0.2797253
-0.34659186
-0.4247861
-0.39188653
-0.38160053
-0.40528283
-0.40460584
-0.49774697
0.10487328
-0.022210741
