2.8649083e-10
0.5424054
-0.11022404
0.18736233
0.6627847
-0.05026253
0.33313268
-0.9063917
0.67569757
0.22278222
0.6440023
0.21212603
0.488477
-0.19378418
0.083349906
0.3764811
0.27897358
0.1081452
0.24074309
-0.3232855
-0.27830923
-0.16338816
-0.05416967
-0.119046055
-0.06274535
0.07328123
0.19157511
-0.1668454
-0.19420457
-0.27803546
-0.36655378
-0.1736133
-0.020009093
0.087626904
-0.10814569
-0.29631934
-0.20010445
-0.10784565
0.06386384
-0.27088678
-0.42364895
-0.51785547
-0.30920807
-0.099368945
0.20022357
-0.05871767
-0.21585959
-0.22980535
-0.13522533
0.42705268
0.38582945
0.35184112
-0.3181315
0.045552157
-0.24856731
0.41676918
0.1511901
0.40962943
-0.36670938
-0.21245632
