6.002665e-11
0.15716277
-0.13811788
0.21021748
0.19579652
0.23588419
0.1752891
-0.40209174
0.53106487
0.18688878
0.22409612
0.49493346
0.21393211
0.3547097
-0.18870111
0.5744646
0.26894265
-0.2339837
0.4965236
-0.3726074
-0.21047541
-0.38898587
-0.29846546
0.13491362
-0.02879908
0.02003653
0.10693923
0.067373686
0.012510367
-0.28826046
-0.34265983
-0.43428093
-0.2757082
0.1260414
0.24066812
0.020316936
-0.308609
-0.40462318
-0.29331347
0.048080675
0.08295647
-0.30179837
-0.4533564
-0.4461076
-0.22111292
-0.19343139
0.07025207
-0.50854504
0.18760726
-0.11285329
0.29550177
0.3380293
-0.088595614
0.49851483
-0.18387261
0.22868079
-0.13555835
0.06566146
-0.4839032
-0.23504268
