8.6402e-12
0.16252193
0.13041651
0.30837098
0.419902
0.27413386
0.32348838
0.31717184
0.30556786
0.21139593
0.10911446
-0.04390473
-0.15779296
-0.1755962
-0.19675243
-0.17624879
-0.119285
0.034243427
0.091504626
0.115744226
0.041589685
-0.11319906
-0.2468971
-0.27119425
-0.20457059
-0.13138205
-0.060590837
-0.048975743
-0.07687571
-0.097820364
-0.10347293
-0.09378316
-0.24397686
-0.353374
-0.38143146
-0.33768395
-0.25889388
-0.20198488
-0.1592452
-0.21780747
-0.048046023
0.18650329
0.27201533
0.28738937
0.22329642
-0.049171314
-0.0884542
-0.10334766
-0.0063687256
0.051898748
0.08148015
0.1451454
0.19548029
0.21161601
0.31364802
0.06284307
0.07573426
-0.17997156
-0.030151645
-0.030452898
