-2.910383e-11
0.04011083
0.012175722
-0.011761161
-0.112396315
-0.16316628
-0.21208009
-0.18374684
-0.1355671
-0.16224955
-0.111368075
-0.1122808
-0.16522372
-0.17852764
-0.19933663
-0.2141909
-0.32171142
-0.40125763
-0.40522102
-0.38577718
-0.4065999
-0.364931
-0.5408707
-0.02666144
0.11675585
0.33966503
0.27639106
0.20334543
0.060676828
-0.0011996287
-0.023319969
0.02628149
0.0690683
0.12887248
0.13314262
0.17452851
0.19916955
0.16909017
0.15607077
0.10387695
0.118245006
0.13040337
0.16069303
0.26419678
0.29840553
0.3625805
0.40733907
0.44147244
0.493872
0.39606762
0.40396255
0.14556502
-0.05172834
-0.16272123
-0.2670977
-0.265819
-0.13981792
-0.054744095
-0.029377516
-0.006276267
