2.1827873e-11
0.06090695
0.012074921
0.09703224
-0.1312741
-0.17286813
-0.23187634
-0.20150894
-0.0057832524
-0.08722535
-0.16449288
-0.19524206
-0.21213242
-0.12425042
0.082791224
-0.027232632
-0.31935662
-0.44002718
-0.4101684
-0.2556257
-0.13068143
-0.042858362
-0.25003278
-0.21358103
-0.09641045
0.14167216
0.37800807
0.31521586
0.20611683
-0.11884202
-0.1367172
-0.050512012
-0.07534492
0.29605243
0.18790735
0.16922651
0.20267774
0.16634512
0.10436784
-0.013965886
0.13407867
0.20350818
0.21006209
0.14584336
0.16464983
0.21527012
0.44883907
0.40501928
0.38039178
0.2552191
-0.04322177
-0.1258164
-0.13377349
-0.08286095
-0.05827233
-0.1808681
-0.1836475
-0.14315628
-0.012740504
-0.009421022
