-7.2759576e-11
0.07066855
0.11619514
0.24695641
-0.07455999
-0.29367295
-0.4135143
-0.2740563
0.09716279
0.048507914
-0.10341369
-0.24247308
-0.2889952
-0.20290701
0.18032327
0.06442872
-0.34694815
-0.47126567
-0.46747273
-0.27245498
-0.17135611
-0.12870741
-0.31554732
-0.35926983
-0.066629395
0.17420588
0.4578277
0.37879133
0.2247293
-0.17034447
-0.11698122
-0.10282747
-0.056590475
0.2974255
0.11468506
0.13639264
0.20494655
0.20257947
0.15448843
0.07133165
0.14937554
0.030982194
0.10524445
0.051692545
0.24043508
0.23487534
0.5131543
0.33513504
0.4296663
0.3329342
0.22372276
0.012454292
-0.10282116
0.0119394455
-0.14803924
-0.25446433
-0.2803388
-0.18509647
-0.0055957157
-0.013585962
