0.0
-0.0067596063
0.122703984
0.11550367
-0.050175484
-0.22495814
-0.3510179
-0.3140442
-0.08271327
0.032570846
-0.04491698
-0.11928867
-0.21212636
-0.2245578
-0.05898733
-0.17014287
-0.2935589
-0.4111604
-0.39256608
-0.27697998
-0.18797553
-0.18657342
-0.26227054
-0.4997431
0.16785058
0.23110071
0.44256055
0.21197812
0.3168533
-0.3304869
-0.17299238
0.036216
0.25430575
0.11230837
0.14741296
0.16305137
0.14897522
0.21850097
0.31852904
0.16235813
-0.3754346
0.21412575
0.18906198
0.29869092
0.44669375
0.35411692
0.08042599
0.2770419
0.41958353
0.45708227
0.24855028
0.119872496
-0.10810143
-0.19797114
-0.21506555
-0.18263373
-0.12656492
-0.14088978
-0.036495894
-0.00854715
