-1.9463187e-10
0.02594884
0.036874786
0.20609315
0.18625349
0.13792072
0.21840455
0.17342927
0.19573686
0.12195104
0.14232194
0.13297749
0.08773382
0.2820274
0.34267172
0.39252916
0.41461995
0.472677
0.54424894
0.4182891
0.45676848
0.14599721
-0.0027458593
-0.24307764
-0.36420083
-0.2946031
-0.16546342
-0.008156162
0.053724896
-0.012600127
0.00050490536
-0.09384776
-0.16770826
-0.22352357
-0.2243849
-0.18482281
-0.20328784
-0.09432296
-0.08561644
-0.16748968
-0.19277912
-0.20799154
-0.22151664
-0.33132428
-0.42347726
-0.4440807
-0.42587134
-0.3988889
-0.38695595
-0.6457137
0.08622241
0.13937604
0.40712097
0.30256677
0.26230776
0.06694282
-0.039201725
-0.004549604
-0.11464082
-0.034367204
