3.274181e-11
0.0033751912
0.064242914
0.080458194
0.1337993
0.16201301
0.15881965
0.19958046
0.15883069
0.14016327
0.111607164
0.101117656
0.16427241
0.18385136
0.26753908
0.3238235
0.36995268
0.44071564
0.41045564
0.555033
0.3429796
0.27257514
0.06503223
-0.06553412
-0.24058229
-0.26667073
-0.21020833
-0.13292022
-0.0358459
0.029318303
0.016415924
-0.05190061
-0.12676595
-0.1677123
-0.2078573
-0.19227059
-0.13465735
-0.1323924
-0.1349902
-0.105728865
-0.14616725
-0.1890673
-0.2310209
-0.24046303
-0.32685906
-0.41605887
-0.39221013
-0.37920424
-0.40802717
-0.37241423
-0.521206
0.042538334
0.21146265
0.3576571
0.25282234
0.16401748
0.039548147
-0.009481374
-0.00086895365
-0.0041279513
