6.184564e-10
0.28934065
0.08408398
0.26528963
0.22946729
0.08598693
0.08510373
-0.48449367
0.50610435
0.123449296
0.6323658
0.12151916
0.3562007
-0.1365937
-0.05948504
0.07634536
0.0035495143
0.08868072
0.071713634
-0.28982985
-0.19497201
-0.20281853
-0.034676574
0.10120676
0.14647672
0.060420014
-0.066161916
-0.14646333
-0.27561113
-0.2516992
-0.17798537
-0.013430806
0.050173853
0.016405316
-0.122883365
-0.27840233
-0.21660885
-0.1342999
0.017200977
0.015374944
-0.23464172
-0.3081311
-0.41520572
-0.13656183
-0.07204381
0.18074977
0.065571226
0.23199484
0.007023085
0.03650166
0.013948407
0.09459737
-0.0565493
0.114135884
-0.08127378
0.1895609
0.011017336
0.07992231
-0.11417686
-0.03817948
