2.1827873e-10
0.12284103
-0.17106995
-0.21642986
0.18429716
0.0005810484
-0.23770341
-0.21386583
-0.37161902
0.043214172
0.2485325
-0.056272943
-0.12994683
-0.013003461
-0.33075795
0.09194017
-0.0068762824
-0.32626686
-0.34836537
-0.2525917
-0.17084447
0.25220704
0.3208143
-0.1871573
-0.4182034
-0.46597356
-0.39179325
-0.06504865
0.049509022
-0.3122285
-0.3630387
-0.35172307
-0.25010768
-0.31566802
0.35896254
0.27337378
0.33994287
0.27535957
-0.15419425
-0.08546974
-0.3969993
0.5024987
0.06630726
0.40205845
-0.08008244
-0.3213299
0.3577281
0.14022821
0.25284296
0.67396086
-0.044179622
0.02000171
-0.50193626
0.08746248
0.23899844
0.7073313
-0.00054746866
0.62767935
-0.33556372
-0.19303693
