1.8644641e-11
0.012597568
0.21153271
0.27805784
0.21713011
0.14065297
0.04549488
0.014072924
0.0057639414
0.051228143
0.08461607
0.11997692
0.1398959
0.15473749
0.16996893
0.15166096
0.1325733
0.118500635
0.1223062
0.15369679
0.1970379
0.2609599
0.3097479
0.35018548
0.4153134
0.38422588
0.5372664
0.32152677
0.25609574
0.055938303
-0.05859164
-0.19956025
-0.2611292
-0.17654341
-0.1303573
-0.056840252
0.020386977
-0.008352719
-0.064372584
-0.10409959
-0.16114989
-0.17615443
-0.17141366
-0.14203185
-0.12419339
-0.13540463
-0.11827515
-0.14064498
-0.18464157
-0.22120377
-0.2429712
-0.31387863
-0.39320752
-0.3675421
-0.36802143
-0.37058043
-0.38210568
-0.4095564
-0.157274
-0.02981866
