-5.456968e-12
0.00859357
0.05688812
0.083143875
0.13161686
0.15808228
0.15830013
0.19582923
0.15889429
0.13848509
0.11188033
0.10630052
0.1643821
0.18500686
0.26673046
0.32353976
0.36890173
0.43772346
0.40993774
0.55552447
0.34530675
0.26849508
0.06499575
-0.06162233
-0.24395913
-0.264422
-0.20253149
-0.13425292
-0.034114618
0.027733933
0.015476328
-0.059840973
-0.123545915
-0.16108811
-0.20482296
-0.19104527
-0.13387732
-0.13194726
-0.13813171
-0.10230252
-0.14681342
-0.19030996
-0.22731048
-0.23411667
-0.32587275
-0.41531768
-0.39160568
-0.3734029
-0.40719324
-0.37470698
-0.5115648
0.024116363
0.2023946
0.34843618
0.2513274
0.16452247
0.03891794
0.0013590842
-0.004066997
-0.0025975844
