-5.4205884e-10
0.1634855
0.03165292
0.28730813
0.3607139
0.24255157
0.29047075
0.40900367
0.46481425
0.3750032
0.22165397
0.12341519
-0.12420267
-0.15220295
-0.17760897
-0.19728826
-0.18490072
-0.20643179
0.011482023
0.12795097
0.19501086
0.012717277
-0.2459161
-0.33189476
-0.257464
-0.08685149
-0.015484208
-0.08376129
-0.15904094
-0.20874989
-0.13823707
0.011033882
-0.06481364
-0.29207265
-0.41218287
-0.43959326
-0.30976257
-0.26363832
-0.23823194
-0.28293943
-0.42631596
0.02250554
0.20691139
0.36734352
0.4072847
0.10309693
-0.215303
-0.037087083
-0.067322396
0.17780448
0.04791888
0.062508665
0.049450602
0.19322711
0.27972314
0.29411194
0.077750504
-0.055555657
-0.039667025
-0.0069979155
