1.4188117e-10
0.057315864
0.0331521
0.15451568
0.14992803
0.16284928
0.19648623
0.17913678
0.16567029
0.10602937
0.11725524
0.12613998
0.15594453
0.2659542
0.30676147
0.36776102
0.40391636
0.4677919
0.45453766
0.49003947
0.42414314
0.17173201
-0.020915091
-0.16464639
-0.30587116
-0.27284926
-0.13526985
-0.05909779
-0.0012706895
0.021761287
0.008320818
-0.09351338
-0.17211714
-0.18710019
-0.20875177
-0.18950647
-0.15628333
-0.10394193
-0.13239004
-0.14814374
-0.14899452
-0.1861195
-0.25758955
-0.31766087
-0.37590137
-0.43403804
-0.38974163
-0.40358496
-0.37747052
-0.55773073
-0.088232204
0.030165367
0.28877008
0.312585
0.2475494
0.11015119
-0.01595718
-0.030557595
-0.04058903
-0.0120605
