-2.910383e-11
0.04239949
0.09447244
0.32175848
0.2738094
0.22238822
-0.08732131
-0.17595348
-0.10612118
0.08108866
0.20761958
0.20696159
0.17383969
0.15285629
0.14006552
0.20747027
0.08340599
0.10867341
-0.15884179
0.18450898
0.24424383
0.33648723
0.38728467
0.35248956
0.17696202
0.30241182
0.28588298
0.22683644
0.060055558
-0.02422089
-0.10918777
-0.19220057
-0.17612226
-0.11332855
-0.1124101
-0.021233018
0.012514455
0.06306642
0.017851539
-0.10119283
-0.22349557
-0.3075177
-0.259497
-0.094586685
-0.005975496
-0.01245092
-0.1102742
-0.15436661
-0.22632042
-0.17960669
-0.22969404
-0.31635928
-0.33413044
-0.33657545
-0.2338818
-0.18879539
-0.113430284
-0.24026754
-0.15743756
-0.04204946
