-1.72804e-11
0.029178143
-0.04205814
0.08181899
0.08597405
0.13239121
0.20141952
0.16103728
0.21224025
0.15956569
0.13829252
0.11727961
0.12984629
0.09691545
0.17575392
0.16903408
0.2610308
0.31949145
0.36156902
0.38837323
0.4237507
0.5328027
0.37967288
0.4338365
0.20268689
0.091720685
-0.03790058
-0.1809547
-0.3110813
-0.2855949
-0.18438247
-0.08398251
0.007956372
0.035394985
0.028901733
-0.06443015
-0.11928304
-0.15567622
-0.2060965
-0.1984067
-0.16418384
-0.17126136
-0.1350686
-0.117012866
-0.12195687
-0.11198315
-0.16715091
-0.21543686
-0.22121564
-0.28638682
-0.35742387
-0.39742112
-0.3889833
-0.3632046
-0.37713686
-0.3765511
-0.46379656
-0.36643583
0.19918773
1.2369128e-10
