-4.9112714e-11
0.8452545
-0.31657904
0.55840385
0.32453343
0.4124999
0.5183717
-0.22947372
0.025358407
-0.19620219
0.055697888
0.037149277
-0.12511858
-0.26100385
-0.38496593
0.039784655
0.24597299
-0.042816486
-0.17159006
-0.016004711
-0.25936356
0.04446859
-0.014612637
-0.32088727
-0.40166876
-0.2883161
-0.009644225
0.2912067
0.23397136
-0.28286743
-0.48502636
-0.464026
-0.24866852
0.023633778
-0.101486064
-0.29943237
-0.44342464
-0.27623
-0.29479554
-0.04831502
0.43759847
0.34075803
0.4401483
-0.2648116
0.09021437
-0.48610917
0.5024739
0.0631996
0.2976349
0.019579306
-0.13462183
-0.06313379
0.18182127
0.29654187
0.6969002
-0.118908554
0.24972874
-1.1153095
0.9911963
0.021228474
