9.094947e-11
0.04768211
0.09269561
0.11238292
0.15281665
0.1947024
0.19300002
0.3364037
0.073815435
0.07240246
-0.24147548
0.018247288
0.149445
0.31698713
0.47679982
0.29532063
0.24352518
0.331024
0.3301087
0.26202622
0.121067286
-0.02443815
-0.1757715
-0.20293693
-0.20173842
-0.13296229
-0.11200179
0.029302679
0.09744993
0.101615034
0.041482225
-0.10835108
-0.25052673
-0.31258017
-0.22900182
-0.09657367
-0.030222684
-0.05696722
-0.083894745
-0.102834396
-0.13002248
-0.07816906
-0.23343411
-0.38877383
-0.3971522
-0.35307992
-0.23771584
-0.18900609
-0.12599355
-0.2550883
-0.06596492
0.13494325
0.3052176
0.29728857
0.27424034
-0.10600373
-0.101188675
-0.19329284
0.00844958
-0.014459804
