4.7293724e-11
0.014611149
0.011319419
-0.043973275
-0.111132264
-0.16764107
-0.22927801
-0.18946095
-0.14336106
-0.14826757
-0.10884373
-0.11840949
-0.16367902
-0.19519395
-0.21676229
-0.23213731
-0.34677437
-0.41352856
-0.41076413
-0.3895368
-0.41439274
-0.39845872
-0.5137705
-0.019176133
0.20872228
0.34454176
0.27315167
0.19106647
0.059436455
-0.015781827
-0.050425544
0.048741624
0.07403293
0.14502852
0.16946436
0.15393181
0.20129599
0.17253175
0.15686065
0.10832873
0.105683364
0.15221933
0.17107674
0.26879263
0.3224155
0.37832075
0.4319914
0.44636548
0.49058342
0.40756682
0.3954832
0.1305378
-0.05177962
-0.21608417
-0.284318
-0.24454933
-0.10954698
-0.056840986
-0.011654524
-0.0031980628
