1.1823431e-11
-0.013572237
0.0007488101
0.0027436311
0.0060727447
-0.00402788
-0.00922423
0.010303007
-0.015413788
0.019199181
0.0006045196
0.025281437
0.018556993
0.035456996
0.020190217
0.013248051
0.00018349779
0.003048337
0.0061071655
-0.0044576307
0.010934345
-0.003128827
0.00891929
0.0021083872
0.015713897
0.015492805
0.008414198
0.017665826
0.006653188
0.002920797
0.0037733917
0.004286421
-0.0044599785
-0.004154984
0.0013522995
-0.004649886
-3.4491066e-05
-0.010711776
-0.0076976786
-0.02302872
-0.021674832
-0.022673436
-0.020199385
-0.0209459
-0.024665982
-0.012727357
-0.00047493633
0.008306789
0.009669839
0.002875443
-0.011287093
-0.0074438443
-0.014860358
-0.008630909
-0.021705436
-0.0150598595
-0.010179056
-0.008072932
-0.01842736
-0.008095809
