-2.2464519e-10
0.10202338
0.17779511
0.33601493
0.5322709
-0.018226327
-0.09243789
-0.17269516
-0.036644205
0.099522196
0.24898934
0.04398847
0.054565273
0.17247945
0.28622398
0.18666556
0.2409913
-0.13013509
0.021535393
0.117222585
0.28352147
0.3536219
0.3099568
0.26279736
0.29708838
0.49779257
0.4729366
0.32585418
0.24940707
-0.05453256
-0.182973
-0.13351232
-0.2070858
-0.20462896
-0.18024427
-0.09680389
0.07729362
0.18604492
0.0731031
-0.19953832
-0.315439
-0.32841155
-0.15179098
0.009858003
-0.057308786
-0.102417886
-0.18424508
-0.20182377
-0.10743843
-0.1011705
-0.24751163
-0.3965515
-0.4145187
-0.36089158
-0.28496265
-0.24256736
-0.31847322
-0.33417764
-0.46178606
-0.16342708
