-3.783498e-10
0.020941444
0.14152598
0.22538172
0.11513546
0.09756094
0.13692553
0.2235089
0.3120309
0.06763455
-0.05059208
-0.039088532
0.06898298
0.28264016
0.4942845
0.2832621
0.30902413
0.14878497
0.38771492
0.46860743
0.299029
0.17186749
-0.03452821
-0.20106384
-0.20814519
-0.21350276
-0.15486571
-0.12836348
-0.024994671
0.04157263
0.15219007
0.04695699
-0.19945678
-0.3458016
-0.33541182
-0.14113826
0.0102909785
-0.0080661345
-0.08073909
-0.20698017
-0.24259342
-0.08691609
-0.1384486
-0.24779645
-0.37442708
-0.42557818
-0.31371847
-0.23213899
-0.15952075
-0.22524187
-0.47373053
0.01851879
0.10044377
0.334956
0.46688437
0.26766163
-0.27066612
-0.11121036
-0.20246197
-0.040550243
