-4.3655746e-10
0.06355074
0.24270293
-0.20634258
-0.042013425
-0.22459099
0.07511788
0.23397624
0.2507947
0.23259181
0.039369915
-0.013441775
-0.15056646
0.11121833
-0.19450995
0.33873576
0.1763857
0.15162818
0.6095047
-0.08082589
0.08970443
-0.627217
0.3598
0.16673882
0.664966
0.108214304
0.27200496
-0.3550426
0.19264272
0.30708483
0.65579015
0.035865612
0.31793654
-0.28814602
-0.28541976
-0.2021527
-0.08411944
0.07584465
0.04708207
-0.16380712
-0.103328206
-0.11832115
-0.03548945
0.025671836
-0.07677775
-0.16051243
-0.1007116
-0.17714092
-0.24892773
-0.21207005
-0.0729849
0.018247316
0.08716964
-0.033400007
-0.2802015
-0.43671286
-0.42978653
-0.10623595
-0.08784461
-0.024565313
