1.4188117e-10
0.05696082
0.14499575
0.16144753
-0.08930707
-0.2774523
-0.33780652
-0.23377444
-0.06413068
-0.0052568223
-0.06324312
-0.17306791
-0.22989856
-0.13544801
-0.07101427
-0.1894402
-0.32711408
-0.4145428
-0.40079588
-0.32734114
-0.25765777
-0.28435802
-0.29692918
-0.5587586
0.23824176
0.34202465
0.3903924
0.332522
0.15683177
-0.43076077
0.036299445
0.087146886
0.2309428
0.079990335
0.119491346
0.1118026
0.15366006
0.2778912
0.2890418
-0.0213788
-0.034212634
0.03842972
0.2207443
0.2766963
0.34012318
0.28566527
0.29455128
0.39271623
0.4871745
0.43364388
0.2660636
0.061415553
-0.11621401
-0.13987342
-0.1794797
-0.18517771
-0.195008
-0.20482388
-0.052143224
-0.015630472
