-7.1622708e-12
0.0842002
0.12951452
0.12037958
0.011003802
-0.12971291
-0.32175297
-0.30053028
-0.23205197
-0.100757286
0.040501084
0.09996326
-0.03041961
-0.2596346
-0.32510918
-0.3032553
-0.12289815
-0.029133042
-0.11149105
-0.27758616
-0.351207
-0.28136614
-0.17329426
-0.033113383
0.1895364
0.28977013
0.27658305
0.006642089
0.016288998
-0.06616906
-0.14925285
0.27660513
0.01899881
0.2689143
-0.033855803
-0.026337907
-0.09649621
0.22958559
0.24376808
0.5678995
-0.030358426
0.19824551
-0.57934767
0.3368311
0.08359982
0.5787567
0.2996016
0.39031932
-0.033683427
-0.052941624
0.23126286
0.23262042
0.13669732
0.2147027
-0.21469085
-0.26092958
-0.31010836
-0.19094339
-0.09455039
-0.026645593
