1.2696546e-09
0.31450891
0.074122585
0.25908256
0.5973799
-0.0011307076
0.16664357
-0.65070194
0.3519096
0.17844005
0.60351956
0.24504028
0.4880311
-0.06076385
0.058644947
0.23081732
0.18261531
0.1171842
0.22733542
-0.21963927
-0.29501975
-0.38096076
-0.19165261
-0.0085629895
0.17635767
0.12628421
0.16210401
-0.01209873
-0.33328184
-0.3277002
-0.3375285
-0.083289474
0.16455258
0.037738554
-0.16117543
-0.27214482
-0.33680025
-0.17184594
0.022465665
0.08521451
-0.24858156
-0.38137874
-0.46248123
-0.29696286
-0.23157431
0.096375756
-0.23284107
0.24329054
-0.111779645
0.24425294
0.036762606
0.2114281
-0.009708498
0.15945597
-0.121944934
0.20845279
-0.07809086
0.084919095
-0.2980735
-0.123961456
