-1.9645086e-10
0.07782153
0.10952793
0.27301586
0.33662045
0.34786916
0.2493246
0.29071498
0.408258
0.39793488
0.25957912
0.14410307
-0.04800319
-0.15475322
-0.18786201
-0.1918468
-0.16366257
-0.13888049
-0.0071858177
0.08296286
0.14946195
0.012643717
-0.20530559
-0.2984249
-0.27314562
-0.12670293
-0.009088233
-0.046537723
-0.12544012
-0.187873
-0.17202947
-0.10478708
-0.16560878
-0.27929705
-0.39108524
-0.36382657
-0.30159843
-0.25347215
-0.2177853
-0.21941465
-0.40656564
0.16644505
0.18382514
0.27912092
0.4100758
0.10433463
-0.17948794
-0.18797237
0.043239843
0.048298087
0.1537202
0.1330779
0.110649705
0.13991609
0.23921543
0.2068153
0.10033676
0.10928365
-0.19105259
-0.061425842
