2.1827873e-11
0.018516755
0.0605908
0.111824416
0.1308098
0.18025337
0.17695859
0.18749467
0.15931022
0.12702686
0.12353218
0.10051481
0.16869661
0.23091933
0.27823383
0.34838727
0.38258675
0.46602708
0.41980958
0.5506383
0.38139233
0.22364527
0.020188201
-0.10326259
-0.3005159
-0.26799357
-0.17341079
-0.104282044
-0.026049629
0.03151354
0.022500714
-0.089306094
-0.15239584
-0.16667487
-0.21617194
-0.1933087
-0.13919835
-0.11633042
-0.13480248
-0.1262013
-0.13753647
-0.19045311
-0.2578008
-0.284017
-0.3520276
-0.43489665
-0.38363874
-0.39787233
-0.3898396
-0.4786293
-0.26990047
-0.020162448
0.2602365
0.33449596
0.24847735
0.13189024
0.0003173378
-0.0032462217
-0.03684962
-0.0067056124
