4.2564352e-10
0.31375688
0.25476152
0.37215593
0.20623086
0.06492795
0.028006837
0.02356626
0.010834223
0.06613117
0.063116856
0.08596542
0.2119242
0.20960923
0.19692227
0.1363242
0.10983079
0.11242105
0.10200222
0.18919055
0.22609763
0.25681788
0.3224059
0.3682369
0.41918188
0.5266908
0.42488807
0.32276157
0.16468523
0.019290801
-0.040677935
-0.27754357
-0.31989053
-0.23314483
-0.12323702
0.041731995
0.0801934
-0.0041987374
-0.09328121
-0.17362502
-0.19279377
-0.1889854
-0.14536476
-0.13762724
-0.16864772
-0.113350704
-0.12619476
-0.14302903
-0.18641752
-0.21543184
-0.2741187
-0.37792158
-0.38232043
-0.36812013
-0.35386884
-0.37764323
-0.34923154
-0.68091834
0.3627732
-0.037210725
