3.9108272e-11
0.032626055
0.0038453732
0.048799943
-0.05000511
-0.14339593
-0.17177929
-0.21765105
-0.20082939
-0.20311892
-0.12309377
-0.123765334
-0.17926379
-0.15393727
-0.18470451
-0.24719262
-0.30851197
-0.3872323
-0.43446213
-0.40013504
-0.4056914
-0.3697236
-0.6121849
0.024812117
0.06013886
0.31049597
0.31949532
0.26769263
0.13402502
-0.006213716
-0.03713329
-0.056256916
-0.0014133714
0.13497877
0.11689069
0.14079325
0.19285342
0.1905605
0.2108946
0.1494037
0.15417635
0.11197516
0.11070866
0.25374404
0.29831505
0.36317694
0.39161652
0.48206705
0.45710114
0.5241443
0.40704232
0.23278323
0.011535609
-0.14751317
-0.35168225
-0.2988157
-0.18642175
-0.047305144
-0.028322803
-0.0094611375
