-2.7739588e-11
0.007659562
0.13719776
0.18230276
0.18972805
0.07351556
-0.058703493
-0.084922954
-0.06868318
-0.019918703
0.2809458
0.20317572
0.25319093
-0.0034500547
0.15290163
-0.14189209
0.05013878
0.14727804
0.31760058
0.13406101
0.24860987
0.017473841
-0.05734355
0.29544175
0.3494891
0.28198916
0.11941289
0.11283009
-0.18279807
-0.11115906
-0.053028844
0.0011709584
0.04016547
-0.04884499
-0.11464689
-0.10550921
-0.10407202
0.019858968
0.04606749
-0.028250726
-0.10170692
-0.2141881
-0.24217622
-0.1792427
-0.081462845
-0.0050551547
0.018818894
-0.019108277
-0.17904252
-0.2752048
-0.3101146
-0.15869251
-0.08074413
-0.03840053
-0.13851084
-0.24247712
-0.2715816
-0.14130406
-0.05940745
-0.02795351
