1.4324542e-10
0.16598901
-0.03128479
0.22920863
0.30186749
0.31767353
0.007026661
-0.12994696
0.038939465
0.13492778
0.27606475
0.22996101
0.28880197
0.29595643
0.42208478
0.45190093
0.43619263
0.2612542
0.091451906
-0.0725752
-0.14300027
-0.110241726
-0.16351128
-0.22838639
-0.2517291
-0.0453761
0.14431208
0.18974552
0.0096186325
-0.19634235
-0.2843028
-0.23005322
-0.10819635
-0.046567135
-0.11381426
-0.18512641
-0.17291613
-0.07120587
-0.021793853
-0.14126801
-0.30326796
-0.39801452
-0.3993919
-0.31250882
-0.24243811
-0.307572
-0.28340027
-0.4527689
0.08354784
0.21172477
0.35497046
0.4241598
0.01755622
-0.24292436
0.0066270255
0.0176364
0.17293847
0.1168814
-0.108303234
-0.039727632
