1.5734258e-10
0.04208185
0.00039462745
0.14764601
0.20344737
0.30440333
0.23869562
0.26919708
0.2760809
0.28730673
0.35766733
0.42593795
0.4770686
0.4073736
0.41749635
0.2964903
0.21563914
0.07248993
-0.05173716
-0.089086495
-0.13965598
-0.10314427
-0.14993265
-0.15256956
-0.2304592
-0.21826409
-0.23048435
-0.14164177
0.011146896
0.11475353
0.17279771
0.16225585
0.029158652
-0.082677655
-0.23802346
-0.27354723
-0.2697381
-0.1993757
-0.113848776
-0.0963748
-0.05216407
-0.12516658
-0.109881744
-0.19421132
-0.14904052
-0.16683125
-0.05861649
-0.059520192
-0.03893833
-0.1518955
-0.24156325
-0.34578604
-0.38565084
-0.39818782
-0.373096
-0.31647557
-0.2818125
-0.2545724
-0.2955049
-0.30207017
-0.32798707
-0.305553
-0.42731225
0.27839658
0.094704784
0.41217282
0.29082602
0.45877635
0.13138758
0.05647618
-0.023616761
-0.23363547
0.028188601
-0.05100666
0.16687523
0.1336776
0.12328254
-0.0019893013
-0.10123144
0.13460691
0.021081634
0.24922636
0.2235255
0.32928982
0.2562917
0.24253361
-0.05732181
0.062098987
-0.11833809
-0.026132932
