4.5474735e-12
0.026109949
0.02102094
-0.022070903
-0.10573502
-0.16716726
-0.21938974
-0.18325685
-0.14560278
-0.15286598
-0.10806321
-0.12716432
-0.16006625
-0.17980511
-0.2059182
-0.2273336
-0.33314174
-0.40598494
-0.40981838
-0.39166632
-0.40792003
-0.38759267
-0.52240026
-0.009996027
0.17932603
0.33697248
0.28137034
0.19735114
0.05721754
-0.012650563
-0.041392867
0.03707209
0.07297378
0.14161931
0.16011687
0.1624985
0.20105508
0.17254595
0.15298551
0.10107122
0.10545361
0.14979264
0.1719366
0.26515165
0.3182986
0.37550303
0.42940208
0.438712
0.49041578
0.3809295
0.40356222
0.12120938
-0.06906153
-0.21549658
-0.26787314
-0.24673077
-0.09917108
-0.05303247
-0.015932597
-0.006976455
