2.4374458e-10
0.039191037
0.07188993
0.12514748
0.059804875
-0.094087735
-0.23847714
-0.26380083
-0.21336146
-0.15295354
-0.0620751
-0.041239083
-0.07933115
-0.09892285
-0.099735186
-0.08806828
-0.23153125
-0.34243852
-0.3849289
-0.3438633
-0.26408726
-0.21427487
-0.1570065
-0.21294704
-0.07739919
0.19741747
0.24571022
0.31203824
0.2157915
-0.033404395
-0.08358498
-0.11479296
-0.010053889
0.04854706
0.07208468
0.14243923
0.19202998
0.21170485
0.30662042
0.07596045
0.09431942
-0.15797217
-0.06637322
0.17850587
0.299034
0.41039044
0.2643865
0.36504126
0.29512236
0.35470158
0.25532535
0.14809369
-0.023147203
-0.13943806
-0.17438492
-0.19620666
-0.18413784
-0.094692245
-0.093764134
-0.0177224
