-9.240466e-10
0.24017218
0.20511183
0.3521468
0.25965673
0.1292559
0.0003174874
-0.02778435
-0.040394254
0.053514197
0.13095242
0.12783538
0.17838731
0.19596954
0.1893865
0.1720975
0.12685417
0.12547293
0.09180627
0.15012503
0.2522781
0.29407874
0.35391212
0.3858605
0.47921443
0.43366605
0.54741037
0.39512354
0.22793327
0.019238994
-0.11896735
-0.3178976
-0.28776905
-0.18348613
-0.0715719
-0.01745188
0.027356591
0.032794714
-0.082819
-0.14922324
-0.17271855
-0.23591451
-0.20488384
-0.15203318
-0.11234075
-0.12152709
-0.12823221
-0.13747667
-0.19660854
-0.26794702
-0.27492422
-0.36069453
-0.43995875
-0.39967024
-0.39315057
-0.40102983
-0.4610087
-0.40886286
0.08661543
-0.057402924
