2.5011104e-12
0.032085802
-0.010374555
0.015215584
-0.028035881
0.025530783
-0.014706628
0.03810301
0.024464503
0.038694456
0.040774383
0.042168505
0.019582681
0.03999479
-0.012996951
0.02263912
-0.004107743
-0.0020981515
0.024552723
-0.008616142
0.017132461
0.02844819
0.022164013
0.035977308
0.023637215
0.017882705
0.037960604
0.003846249
0.004883933
-0.009888568
-0.0030849008
-0.008478623
-0.01539984
-0.017521894
-0.008712053
-0.016016241
-0.021287767
-0.027133334
-0.040983133
-0.03767498
-0.04917042
-0.036282077
-0.041596655
-0.020691818
-0.024892507
-0.005297654
-0.002273978
-0.009258812
-0.011542841
-0.017521719
-0.038423214
-0.014441561
-0.052653816
-0.028541634
-0.027591415
-0.008974547
-0.023543477
0.00958246
-0.006135142
-0.0069421977
