3.45608e-11
0.05509142
0.060674522
0.1360091
0.052539177
-0.10565822
-0.24964426
-0.2881632
-0.25229526
-0.16199222
0.0017119378
0.01378105
-0.0776023
-0.11142337
-0.16992421
-0.17727268
-0.2082775
-0.31066772
-0.33898875
-0.3225639
-0.2921916
-0.21179156
-0.16317627
-0.20444663
0.06335877
0.1470997
0.30412635
0.17837805
0.20437475
-0.057264328
-0.059353247
-0.029732648
0.009423504
0.066905625
-0.023513213
0.16561139
0.2079813
0.21187702
0.35816386
0.09520723
0.040855356
-0.18525168
-0.010933999
0.12980211
0.2987485
0.43811148
0.2979158
0.27149284
0.29704565
0.32160294
0.272161
0.16262746
0.012242969
-0.16730669
-0.19543765
-0.20711513
-0.1769073
-0.09831786
-0.06685774
-0.019917322
