-5.14774e-10
0.12319733
0.4500272
0.33547026
0.35663214
-0.12810528
-0.0968305
-0.15564159
-0.26855978
0.38690016
0.20964132
0.2313866
-0.038096882
0.014665645
0.16752699
0.13467966
0.2462961
0.32354575
0.19678515
-0.18408322
-0.07608932
0.07095565
0.3302771
0.56013644
0.31128502
0.25334483
0.043960594
0.133308
0.0584426
-0.016246878
0.22252004
-0.09891257
-0.2529825
-0.25435364
-0.20586002
-0.15547092
0.1251894
0.20415008
0.13139701
0.017909583
-0.29297584
-0.36302862
-0.28616855
-0.14921269
0.062536374
0.06945037
-0.03894883
-0.22737777
-0.33024025
-0.24738275
-0.086773515
0.016516045
-0.20949951
-0.3137158
-0.40712506
-0.3001904
-0.19848575
-0.032763634
-0.072531596
-0.020135647
