-1.9281288e-10
0.2309239
0.2850815
0.051102497
-0.4487
-0.50170773
-0.50611836
-0.25639576
-0.08449057
0.100259714
-0.283657
-0.35531813
-0.34355286
-0.09642668
0.33385462
0.47631568
0.4090619
0.3120786
-0.2870968
-0.16674002
-0.12211759
-0.32163203
0.48998618
0.29024464
0.17671296
0.3353817
0.07974808
-0.2393212
0.3142596
-0.04177488
0.37361884
0.26357737
0.22481301
-0.46510386
0.4354537
0.13517132
0.61048234
0.38980797
0.53898275
0.23172298
-0.04955253
-0.10585436
-0.1338014
0.0044163056
0.17997092
-0.17755249
-0.3211063
-0.28021312
-0.18116999
-0.044693917
0.25456136
0.21044897
0.028535932
-0.059006587
-0.36658978
-0.4120106
-0.2568419
-0.2238608
0.01685269
-0.02838381
