2.2555469e-10
0.028048132
0.09890355
0.06297294
-0.039485782
-0.1809935
-0.13918944
-0.19116084
-0.20896593
-0.197249
-0.20716773
-0.1171591
-0.06748008
-0.109519094
-0.1678971
-0.23191774
-0.27841005
-0.32278037
-0.39492285
-0.40427324
-0.38575065
-0.38874134
-0.3541695
-0.654863
0.26523197
0.18607762
0.43175334
0.31040615
0.18388048
0.016632456
-0.06692517
0.14817023
-0.18209916
0.090136915
0.110391244
0.17019458
0.22512169
0.24752373
0.13377215
0.10694902
0.12610501
0.16551778
0.11187503
0.13852629
0.2535193
0.3119579
0.3903898
0.39925998
0.49218243
0.48397917
0.44567627
0.3087101
0.091363214
-0.007040184
-0.1705108
-0.36252695
-0.37897706
-0.22109945
-0.105990775
-0.02033303
