2.5102054e-10
-0.16899812
0.2494621
0.37103269
0.32383513
0.1815439
0.014640543
-0.04525508
0.11793989
-0.15983884
0.13571768
0.113998935
0.14605036
0.20675354
0.23318073
0.15294987
0.1234958
0.11648524
0.13981606
0.09544657
0.15498143
0.25810534
0.29326895
0.3768382
0.3712031
0.46820122
0.47506493
0.47042376
0.31145555
0.13650453
-0.034048222
-0.13840011
-0.3176251
-0.3360128
-0.21358201
-0.025220852
0.05324024
0.07645807
-0.010504622
-0.15197097
-0.15708157
-0.19821472
-0.19629815
-0.18713757
-0.17968445
-0.12761214
-0.08866474
-0.112518
-0.149095
-0.2003379
-0.26054564
-0.3090371
-0.37684926
-0.39781258
-0.3670062
-0.3536605
-0.3888294
-0.40465236
-0.538866
-0.1431357
