-2.1100277e-10
0.22099137
0.08470245
0.5033223
0.37671766
-0.21551833
0.42530632
0.47239906
0.4134307
0.30940136
0.3777905
-0.22171718
-0.198057
-0.24361473
-0.055855945
-0.029215112
-0.28561404
-0.14118688
0.042499974
0.22634694
0.029244136
-0.12773782
-0.28297564
-0.3235617
0.02486847
-0.007310968
-0.21778326
-0.23512766
-0.21880001
-0.07823824
0.15591739
0.00043111295
-0.32006124
-0.47049916
-0.43477887
-0.26490182
-0.14880466
-0.24163291
-0.34705776
-0.3386876
-0.2713555
0.35464758
0.4027117
0.47785738
0.083169326
-0.053251423
-0.24187642
-0.09620683
0.20573834
0.16283044
0.098964594
0.029684115
0.1558949
0.2518523
0.23117404
0.28991726
-0.009750829
-0.017622977
-0.17406851
-0.06226986
