1.4551915e-11
0.18064749
0.022858478
0.2756793
0.19723025
0.19670548
-0.041402735
-0.028101763
-0.009148533
0.043838933
0.020099394
0.11361702
0.12646313
0.20160842
0.20786299
0.25298113
0.007276163
-0.001640955
0.06848228
0.111696616
0.2666275
0.30201828
0.2275533
0.20610948
0.2840218
0.3898813
0.3364848
0.24605975
0.07148428
-0.105149366
-0.15778801
-0.15572579
-0.1433075
-0.12393111
-0.12226523
-0.016179917
0.028845415
0.030182708
-0.0021890737
-0.10710661
-0.17902666
-0.18933688
-0.15297864
-0.13884568
-0.12069844
-0.11433604
-0.11114267
-0.095223784
-0.09176189
-0.17220336
-0.27833676
-0.33207998
-0.30784902
-0.2514729
-0.23466274
-0.21231745
-0.22585842
-0.22761914
-0.07440882
-0.04686952
