-2.3646862e-11
0.019646026
0.22857665
0.1456011
0.30385822
0.19963019
0.05237492
-0.027372684
0.1352618
0.324372
0.36868304
0.15638357
0.17852378
-0.101589076
-0.14746082
-0.08120563
-0.05952954
0.040508308
0.055254586
-0.10228485
-0.12750123
-0.10301688
-0.057293892
0.0163402
0.0517909
-0.04578536
-0.14259449
-0.2191611
-0.23393402
-0.17779653
-0.060895953
-0.0075002695
0.018534726
-0.026340649
-0.18213937
-0.27717504
-0.30906212
-0.16060403
-0.0845415
-0.0371285
-0.12978429
-0.23330879
-0.28157502
-0.15292887
-0.068223655
0.10938392
0.2623482
0.18520598
0.1683624
-0.040514477
-0.07446725
-0.0882725
-0.14031991
0.31069908
0.12433555
0.25138646
-0.0886202
0.20237064
-0.16657951
-0.055494223
