-1.3460522e-10
0.23203576
0.20261924
0.34775472
0.25658697
0.1295647
-0.0046128198
-0.02710276
-0.03675685
0.050277796
0.13256976
0.13554093
0.18154795
0.19374275
0.18812257
0.16933236
0.12442824
0.12698062
0.097831644
0.15321559
0.24621251
0.29033607
0.35876834
0.3900792
0.47755328
0.43041033
0.5426147
0.39589354
0.23483294
0.018075123
-0.108822055
-0.3137886
-0.27987832
-0.17715675
-0.07774077
-0.017793749
0.027014613
0.03273047
-0.089228794
-0.14875196
-0.16718219
-0.23351441
-0.20579204
-0.15635496
-0.114351675
-0.12269132
-0.12776795
-0.13723707
-0.1946788
-0.26772928
-0.2768962
-0.3595487
-0.43685275
-0.399113
-0.39085144
-0.41407138
-0.44520593
-0.45031184
0.11644516
-0.046806663
