1.3096724e-10
0.24275333
0.2071501
0.36768278
0.28009564
0.1520602
0.010525319
-0.03501657
-0.08610643
0.010206105
0.1034859
0.09666715
0.1642378
0.17794636
0.19537033
0.20838523
0.16802064
0.15847798
0.08412321
0.12885869
0.24144724
0.2840975
0.355645
0.3846473
0.48182118
0.44940048
0.5358198
0.43111807
0.23896404
0.03214349
-0.10365531
-0.35935917
-0.29717368
-0.20730925
-0.07613069
-0.014376681
0.021202987
0.057963926
-0.06705369
-0.097595245
-0.14761746
-0.22956114
-0.21241766
-0.20125008
-0.12617344
-0.13343929
-0.14728877
-0.14184086
-0.20094483
-0.26085085
-0.2672478
-0.35475233
-0.43351322
-0.41183925
-0.39330915
-0.39576483
-0.49431786
-0.32431355
0.018720597
-0.07510076
