5.0931703e-11
0.05223526
0.083724335
0.09193529
-0.064998336
-0.20095685
-0.2108108
-0.1535735
-0.09783595
-0.09982212
-0.13209398
-0.16355766
-0.16680428
-0.114196844
-0.1014256
-0.19047236
-0.29522875
-0.35983956
-0.32783148
-0.3124527
-0.28244016
-0.30890906
-0.28813487
-0.34602216
0.25976118
0.2926255
0.32670417
0.20924248
0.0084336605
-0.10109457
0.040937554
0.113657996
0.08325916
-0.017921006
0.0751272
0.09670402
0.1824615
0.25577816
0.17534222
0.06358739
0.050250866
0.08683191
0.17525524
0.22359762
0.25169298
0.27255717
0.29120642
0.43264738
0.4019326
0.3754462
0.22361824
0.07790881
-0.0792338
-0.1146701
-0.1512332
-0.19185296
-0.21686758
-0.17405844
-0.066122755
-0.019175654
