7.275958e-12
-0.01566197
0.32909542
0.20008463
0.15260483
0.20507835
0.19381368
0.16221662
0.31364742
0.15349676
-0.35883442
0.23073976
0.2012831
0.34536535
0.60374933
0.26423824
0.20332602
0.07984236
0.31939864
0.44998118
0.19640689
0.12376544
0.032612935
-0.32545742
-0.23835592
-0.2279748
-0.19440225
-0.051982578
0.067748114
0.17363174
0.087107055
-0.17153546
-0.3012277
-0.406031
-0.3110374
-0.0011633635
0.08809882
-0.038947962
-0.16306487
-0.2501176
-0.23083234
-0.097233444
-0.22931032
-0.33450055
-0.4344265
-0.36818492
-0.19137482
-0.09111193
-0.049608126
-0.35429406
-0.30398354
-0.008421902
0.24679828
0.56998324
0.22699246
0.12318668
-0.2560005
-0.22959949
0.021641701
-0.041426763
