-6.548362e-11
-0.058924876
-0.062225096
-0.1117445
0.14982834
0.046383265
0.22337383
0.015150085
0.07844947
-0.28886604
0.32712126
0.23658115
0.43455228
0.13702187
0.21243006
-0.31561303
-0.21874441
0.13985756
0.28499076
0.6085546
0.25605085
0.26905158
-0.12052779
0.12141334
0.23525105
0.16201456
0.18597302
0.14513156
-0.27905884
-0.25340042
-0.316929
-0.16971545
0.01712345
0.1484625
0.09249347
0.10118777
0.0012225956
-0.27976704
-0.2649323
-0.2535182
-0.13084692
0.033403546
0.027749104
-0.07798526
-0.23161453
-0.31149328
-0.1729373
-0.05845987
0.103974566
-0.06436003
-0.31104913
-0.40283778
-0.40299
-0.22493029
-0.097579256
0.114572175
-0.10626146
0.09731699
-0.085198045
-0.010906868
