1.1914381e-09
0.26790348
0.20667227
0.36577603
0.27216187
0.14962906
0.0069237603
-0.03559172
-0.08036341
0.013359683
0.099869
0.09772229
0.16652742
0.18194118
0.19656014
0.21015239
0.16422361
0.15548725
0.085638985
0.13307956
0.24074756
0.28203765
0.35553858
0.38440463
0.48461393
0.44715828
0.5349206
0.43216926
0.24459977
0.029871242
-0.103633456
-0.35156047
-0.30917653
-0.20522214
-0.0731879
-0.0127159385
0.028552327
0.06107178
-0.065805376
-0.104741186
-0.15276383
-0.22495902
-0.2141727
-0.19985831
-0.12236434
-0.13359429
-0.14951056
-0.13997875
-0.19786462
-0.25961882
-0.27212685
-0.35481095
-0.43583316
-0.40732685
-0.39411816
-0.40233135
-0.4838617
-0.35933515
0.0395504
-0.07336126
