-4.5474735e-11
-0.033423834
0.19101982
-0.18409517
0.059588153
0.14654718
0.20678557
0.18344258
0.24439117
0.15953892
0.14161487
0.094872944
0.1414073
0.13410366
0.12531775
0.27351278
0.31353718
0.3858285
0.39071697
0.48080772
0.46556446
0.4361098
0.2606076
0.084681295
-0.0455319
-0.22762257
-0.3180513
-0.29363546
-0.18810503
0.017621493
0.067831285
0.055079903
-0.049635816
-0.15894346
-0.16162203
-0.20492859
-0.18727317
-0.19048275
-0.17489064
-0.111410365
-0.09154397
-0.12115601
-0.1660294
-0.21172675
-0.2690384
-0.33121383
-0.38778716
-0.39176092
-0.36097163
-0.37091064
-0.3377419
-0.6401826
0.18846706
0.21722415
0.4171433
0.27974883
0.16791224
-0.024432996
0.045148674
-0.0059962054
