1.4006218e-10
0.28520957
0.26748335
0.41663516
0.46682832
-0.088192806
-0.20142418
-0.16748324
-0.06598331
0.29302746
0.14062761
0.069459416
0.0169597
0.17990899
0.2932909
0.20606016
0.24760564
0.046385016
-0.16140334
0.06201599
0.19446626
0.26594988
0.4754344
0.27504313
0.29875723
0.4029727
0.40635017
0.2453316
0.057547495
0.094405316
-0.17434187
-0.18243152
-0.28189072
-0.21925993
-0.122796424
-0.056189016
0.124924734
0.17922789
0.10448605
-0.15656188
-0.35537493
-0.36434144
-0.20182109
-0.0004646629
0.012317371
-0.072314605
-0.17510389
-0.22953221
-0.16725004
-0.017672464
-0.12705216
-0.37581992
-0.42650288
-0.40897477
-0.26421657
-0.23127073
-0.1913961
-0.38019353
-0.2418907
-0.05590071
