5.820766e-11
0.09490938
0.25858992
0.23248689
-0.0284158
-0.15184563
-0.38647395
-0.4120816
-0.24475634
-0.0761026
0.059270106
0.11137647
0.010326698
-0.21607393
-0.34207827
-0.3388788
-0.23314703
-0.13654135
-0.22838609
-0.30586094
-0.40186477
-0.38145587
-0.23694229
-0.44456244
0.4780968
0.30136284
0.28237712
0.39458498
-0.14284945
-0.02816432
-0.41452307
0.39866897
0.0011934713
0.45896778
-0.11122116
-0.2724716
0.33839244
0.120792314
0.28050113
0.69305956
0.058044977
0.004313588
-0.7405917
0.07519985
0.2688905
0.69370353
0.19283175
0.6391293
-0.5542584
0.53227454
0.42221078
0.39892507
0.16614561
0.48106664
-0.4186975
-0.29919055
-0.43273035
-0.17884375
-0.1524377
-0.028013721
