2.5465852e-11
0.03502637
-0.028531108
0.035342257
-0.015910918
0.030824779
0.0053860815
0.010954751
0.033238683
0.0029220413
0.034517452
0.030882372
0.027452074
0.052968457
0.03513393
0.034438103
0.030034102
-0.01119503
0.015786815
-0.0055034803
-0.0052770525
0.024831941
0.006534377
0.033915743
0.030532047
0.02399332
0.0352427
0.020081237
0.012933648
0.01132396
-0.007027445
0.0036038458
-0.012367757
0.0006507493
-0.0095728785
-0.010628974
-0.019125469
-0.018201329
-0.026334934
-0.042963695
-0.037446924
-0.04908105
-0.03034622
-0.03645819
-0.02370591
-0.031340763
0.0021603017
-0.00959135
-0.0009103939
-0.012387727
-0.010453898
-0.03667189
-0.027966335
-0.048334043
-0.031093404
-0.04153292
-0.023459598
-0.010146794
-0.021889288
-0.000740383
