-4.292815e-10
0.11006589
0.019633524
0.2683277
0.2602252
0.22595738
0.112290494
0.03340293
0.09924799
0.13773848
0.19166502
0.17746833
0.22013685
0.34672517
0.47135872
0.41662705
0.38889334
0.3019387
0.199533
0.02281088
-0.036405653
-0.049303696
-0.23877746
-0.29680312
-0.27535495
-0.082782835
0.13471511
0.13312547
0.04288221
-0.16406554
-0.21273541
-0.12335864
-0.14294183
-0.15750858
-0.18540049
-0.19428585
-0.13552329
-0.074552186
-0.054413676
-0.15998212
-0.29519516
-0.33428153
-0.35576645
-0.32620987
-0.31284374
-0.32377928
-0.33150354
-0.3348962
-0.24977896
0.26716274
0.33007535
0.3321582
0.09125793
0.056450617
-0.009738537
0.13224733
0.07245582
-0.0047780946
-0.15318565
-0.053716347
