2.3646862e-11
0.118566796
-0.124506995
-0.087892145
0.22754666
0.2234354
0.6292314
-0.02818944
0.108597234
-0.60428196
0.1833631
0.18204898
0.68827057
0.18240325
0.24003969
-0.4340518
0.36396733
0.49817854
0.3648585
0.25329384
0.1816024
-0.45940647
-0.21203235
-0.25622532
-0.03563384
0.09644746
-0.007057931
-0.023594081
-0.0043942183
-0.1449743
-0.103144504
-0.12696539
-0.15673602
0.01562629
-0.08401591
-0.23044653
-0.21028087
-0.2597286
-0.089601964
0.066327184
0.15013154
-0.15841024
-0.43022674
-0.47481346
-0.25494352
-0.1462777
0.0951737
-0.16555613
-0.26110685
-0.32927552
-0.1279413
0.15999615
0.42901555
0.37605453
0.26401293
-0.21483588
-0.17882319
-0.12313576
-0.14632472
-0.068166144
