8.913048e-11
0.030828888
0.046191536
0.014235119
-0.07535555
-0.16253027
-0.181549
-0.16882348
-0.15516528
-0.10749786
-0.11948155
-0.12558718
-0.10350391
-0.08546885
-0.12924223
-0.23896655
-0.3129448
-0.32188976
-0.2897158
-0.24670315
-0.19416982
-0.2218406
-0.2304003
-0.16618837
0.20450662
0.22786722
0.29279032
0.22242127
0.08106464
-0.12983742
-0.03496948
-0.008032475
0.08804863
0.10521433
0.10143085
0.10774444
0.16247174
0.19802473
0.1727063
0.1371043
0.029072119
0.039643854
0.15966019
0.2139501
0.26068705
0.34268934
0.27636242
0.31837976
0.3299599
0.27933222
0.15822104
0.05688698
-0.049892306
-0.12630534
-0.1567732
-0.18409511
-0.16316496
-0.11038384
-0.050750773
-0.014770508
