1.4551915e-11
0.045825727
-0.058799215
0.28398073
0.29482204
0.43156186
0.31754795
0.32175112
0.31919876
0.20148759
0.08752838
-0.012975328
-0.05780205
-0.13561894
-0.17286052
-0.20047055
-0.15517634
-0.07635218
0.060606062
0.11551006
0.10103657
-0.020381514
-0.18518192
-0.28836864
-0.29227993
-0.17253664
-0.059495576
-0.01284876
-0.029716544
-0.09589859
-0.14444363
-0.18046673
-0.18354695
-0.2685461
-0.34479
-0.32988393
-0.312756
-0.23638651
-0.20024611
-0.16127318
-0.08355712
0.23846257
0.22354631
0.2735364
0.17386974
-0.026410073
-0.029690137
-0.067225486
0.012641614
0.055596147
-0.018414356
0.17051384
0.18409884
0.20662877
0.34558484
0.10348213
0.08696987
-0.1831201
-0.09158587
-0.034954883
