9.458745e-11
0.06824222
0.2384529
0.24654022
0.30188817
-0.08712059
0.004077196
-0.05299988
-0.1721506
0.32861578
0.07816467
0.21033388
0.049080364
-0.30755183
0.3756656
0.20213738
0.38128197
0.19504872
0.211758
-0.36961448
-0.084251836
0.11045759
0.415643
0.4519329
0.36364505
0.059938215
-0.10563579
0.23896354
0.24016283
0.12738489
0.22353
-0.22307563
-0.25784555
-0.31417054
-0.18693192
0.008596502
0.15244117
0.090516984
0.079951905
-0.029481046
-0.2849241
-0.26252857
-0.2567107
-0.072655514
0.09815924
-0.022148747
-0.18161559
-0.30280158
-0.23316802
-0.084874496
0.08348588
-0.014059842
-0.30444747
-0.40373096
-0.3981856
-0.21590553
-0.06713526
0.115269676
-0.08901044
-0.01526513
