2.728484e-12
0.005316081
-0.00013273295
1.8515973e-05
0.006089165
0.00089073763
-0.008614503
-0.006706345
-0.01957601
-0.018295936
-0.011796812
-0.013794075
-0.0010634762
0.00016395038
-0.0055044657
0.002203362
0.0068292064
-0.0035526562
-0.009315269
0.011304258
-0.016593022
0.019808862
-0.0014514383
0.028025158
0.020820118
0.03535536
0.018550616
0.01763216
0.0012651805
0.006666171
0.004354427
-0.0062689297
0.010762203
-0.0033061076
0.010786454
0.002652375
0.015689587
0.010627869
0.012742034
0.010022768
0.005962407
0.0044382233
0.008033839
0.0054331
-0.0056329495
0.0016714293
-0.0017605688
-0.0063051553
-0.000710821
-0.009326568
-0.0106958905
-0.018501448
-0.022812381
-0.021648323
-0.020594463
-0.023941508
-0.023219349
-0.007091916
-0.018737212
-0.0044837366
