4.1472958e-10
0.028460115
-0.28851613
0.37739962
0.25241292
-0.022303961
0.45038787
-0.1616332
0.1909893
-0.035710156
-0.24274926
0.10437295
0.08277104
0.24354579
0.70362055
0.10026501
-0.5941833
0.46743813
-0.012823418
0.4754459
0.19537275
0.23230496
-0.111527726
0.08185996
0.51367444
0.27664274
0.52149916
0.11919221
0.023666304
-0.09874156
-0.33966076
0.30678245
0.102305174
-0.49344537
-0.2744919
-0.108269304
0.2395483
-0.05759475
-0.016669363
-0.061272085
-0.2960241
0.062066652
-0.030662447
-0.3126827
-0.4037067
-0.3520602
0.13205738
0.35484412
-0.00065211207
-0.35257536
-0.48146516
-0.43326104
-0.062194847
0.043179747
-0.3126378
-0.41241804
-0.3029477
-0.2751669
-0.22056206
-0.06746687
