3.1650416e-10
0.25550893
0.08544825
0.3574379
0.32655114
0.40652615
0.2970137
-0.061922193
0.15548804
-0.30728632
0.011694837
-0.04341406
0.09565088
0.18115568
0.09608683
0.06969773
-0.14352098
0.16176127
-0.047108945
0.27992362
0.1662675
0.34908175
0.23792353
0.29710057
-0.032494962
0.056064084
-0.09591825
0.03459955
0.124741375
0.163825
0.26089945
0.27737024
0.22358933
0.2769469
0.24122491
0.3254278
0.3955361
0.4705559
0.45078224
0.42425507
0.38341618
0.21048373
0.17401293
-0.0082962075
-0.043914683
-0.119965024
-0.09184354
-0.09665102
-0.16143622
-0.20059076
-0.24925607
-0.21209544
-0.23569243
-0.060664542
0.06126241
0.1682471
0.17163266
0.11831489
-0.041106492
-0.15109873
-0.2926691
-0.2629823
-0.24654976
-0.12500468
-0.10775242
-0.04268141
-0.099614605
-0.104628965
-0.18754198
-0.17224172
-0.18632652
-0.103818715
-0.059066255
-0.03683299
-0.09123118
-0.20235583
-0.2911082
-0.37760052
-0.38921025
-0.3979624
-0.3376513
-0.28917018
-0.28783354
-0.25757357
-0.31244597
-0.32002106
-0.32267672
-0.37301666
-0.26467645
-0.0999337
