-7.2759576e-11
0.034474023
0.18200034
0.08742675
0.10281189
-0.045304313
0.0034358352
0.075902
0.15636483
0.18641543
0.28913662
0.283448
0.29524523
0.13460448
0.050477974
-0.10050684
0.0049478835
0.0119209625
0.13396305
0.205737
0.28851467
0.25303507
0.25921175
0.28331706
0.27523094
0.3550665
0.41411686
0.4846398
0.40287763
0.42880377
0.30894923
0.21906509
0.09670627
-0.05235966
-0.07819699
-0.1438575
-0.10274522
-0.14267649
-0.15121274
-0.22369355
-0.22300883
-0.22250527
-0.16769698
0.00080278516
0.09595596
0.17851342
0.15983513
0.05924824
-0.07744974
-0.20764484
-0.28860533
-0.26158297
-0.22156976
-0.11347325
-0.10856017
-0.045080096
-0.1219531
-0.10296684
-0.1921664
-0.15096168
-0.17126822
-0.07108804
-0.060172044
-0.03424799
-0.13249063
-0.23052722
-0.32840398
-0.38454404
-0.39551234
-0.3838917
-0.32137996
-0.2909607
-0.2530771
-0.28873837
-0.30363536
-0.32799917
-0.29476395
-0.436871
0.15183608
0.12802288
0.36899284
0.31520817
0.4260493
0.25286567
-0.03703041
0.11396944
-0.29393983
0.0153769525
-0.018163472
-0.009853813
