3.3651304e-11
0.052682877
-0.010629151
0.18980733
0.26985484
0.32792592
0.23623985
0.3144367
0.36153793
0.49595225
0.4790502
0.3140996
0.2246625
-0.057335723
-0.15009752
-0.114334285
-0.22699
-0.24114552
-0.20912544
-0.07401624
0.13394806
0.18123241
0.011360936
-0.23888317
-0.32111892
-0.2596365
-0.10540556
-0.014291601
-0.08283137
-0.17554432
-0.19202918
-0.14264086
-0.08837555
-0.1557441
-0.30138475
-0.3952914
-0.41105396
-0.324647
-0.28499052
-0.30959982
-0.27643254
-0.5758624
0.28920808
0.23526716
0.35369372
0.4527447
-0.0447634
-0.18372032
-0.06131864
0.021306127
0.124420635
0.14517947
0.080634214
0.049045786
0.19157892
0.31672895
0.19040176
0.13503072
-0.076036
-0.026409442
