-8.749339e-10
0.47583503
0.25889853
0.4590712
0.5077142
-0.22259611
-0.10392502
-0.37095124
0.3600699
0.042243436
0.40393725
-0.06351364
-0.34942192
0.29473078
0.29081678
0.45583847
0.07680137
0.3396038
-0.7660726
0.35719538
0.1476011
0.5975084
0.18204877
0.55062646
-0.2995821
0.4986226
0.5220809
0.11342368
0.39858362
0.01783511
-0.30991304
-0.2633139
-0.31789276
-0.14115621
-0.040754877
0.0386096
0.15832543
0.23761643
-0.09873006
-0.34466583
-0.38660428
-0.24828206
0.052518196
0.090266876
-0.040521905
-0.26823986
-0.36401272
-0.18954083
0.13169423
0.16131619
-0.2685969
-0.48878437
-0.4841873
-0.30048501
-0.19598106
-0.008982845
-0.3504832
-0.22650605
-0.20501828
-0.07258949
