-1.0186341e-10
0.031868987
0.06556896
0.20899683
0.23231728
0.20729132
0.19611993
0.15926574
0.10814018
0.07979735
0.046019547
0.042998634
0.033730056
0.041401945
0.060524892
0.0683599
0.08721399
0.09606004
0.118613005
0.11762983
0.14455746
0.14539477
0.14870605
0.16112186
0.14350787
0.14972901
0.13763238
0.13437647
0.13068542
0.13909699
0.14215897
0.15577202
0.176205
0.19164963
0.21832067
0.2539806
0.2731941
0.30923146
0.3349138
0.35707468
0.3873808
0.3921989
0.39078167
0.43637103
0.5063133
0.25730965
0.36323655
0.20271474
0.13112202
0.033821948
-0.024465408
-0.103096075
-0.17539585
-0.18455268
-0.22676748
-0.18146673
-0.15723795
-0.13412517
-0.07493135
-0.063570075
-0.027693385
-0.00015821494
-0.043677457
-0.015054315
-0.08487484
-0.10291057
-0.119182035
-0.15622073
-0.14506477
-0.17318547
-0.13227691
-0.16071415
-0.12121451
-0.1546769
-0.13495469
-0.12357192
-0.14184265
-0.13949344
-0.1302517
-0.1787778
-0.13756207
-0.20742285
-0.16715051
-0.24872302
-0.20454249
-0.2877577
-0.2993422
-0.34617466
-0.37447765
-0.36432725
-0.3516246
-0.36969337
-0.36291742
-0.3682373
-0.358343
-0.38477403
-0.3563564
-0.24623407
-0.12844504
-0.040122356
