-8.367351e-11
0.016497139
0.121378735
0.09515435
-0.071474746
-0.2238343
-0.30099165
-0.26757538
-0.109896295
-0.014824241
-0.07347057
-0.13477284
-0.18926518
-0.17224
-0.08532449
-0.1930331
-0.31810907
-0.40849996
-0.392282
-0.32070377
-0.24725762
-0.2561806
-0.27005622
-0.50304884
0.20163134
0.30028343
0.38351715
0.26886582
0.24817288
-0.3363399
-0.0538306
0.051015355
0.22177237
0.055946566
0.14911646
0.1321375
0.14827166
0.23620206
0.31848794
0.05586804
-0.18405706
0.15874603
0.16707475
0.252363
0.4050061
0.30344918
0.31635576
0.29966414
0.47732258
0.4333934
0.2386594
0.13006411
-0.082974076
-0.18126738
-0.24027465
-0.20144275
-0.14651123
-0.17060973
-0.024598256
-0.0126241045
