-3.410605e-11
0.13715054
0.13132873
0.3718394
0.3343215
0.12211892
-0.043462086
-0.012787947
0.055352245
0.1259109
0.044481322
0.065515414
0.05246785
0.2197937
0.24262695
0.2109048
0.088296935
0.0281685
0.11097847
0.13260421
0.2341226
0.27383673
0.25638166
0.32036364
0.36296123
0.5004997
0.48772597
0.32903227
0.2270221
0.005317472
-0.061419673
-0.056460567
-0.25666127
-0.27120602
-0.25153393
-0.11469876
0.124198176
0.118285075
0.027326474
-0.16918749
-0.2681952
-0.21688889
-0.13696995
-0.07125575
-0.12306702
-0.17628428
-0.13905469
-0.1503387
-0.11054267
-0.16358197
-0.26339415
-0.36394235
-0.38234773
-0.3580672
-0.30001163
-0.3311271
-0.34077135
-0.34277385
-0.4996373
-0.17614281
