1.9099389e-11
0.0045309747
0.015639242
0.12771642
0.15798675
0.12904292
0.21256447
0.19911629
0.21415497
0.1450842
0.11148022
0.14986432
0.12479452
0.25266126
0.32729426
0.3786792
0.43326128
0.45080233
0.52128744
0.4074976
0.4056699
0.16274655
-0.030350313
-0.23719478
-0.32514602
-0.2740779
-0.14235348
-0.04783221
0.02341363
0.012932027
0.015329514
-0.044592645
-0.15386486
-0.1924792
-0.21322852
-0.19322121
-0.1837198
-0.13228124
-0.11600774
-0.18345717
-0.18535747
-0.19707122
-0.2315847
-0.32308698
-0.40646857
-0.4323253
-0.39831084
-0.40766278
-0.38261807
-0.5961112
-0.032026805
0.18363564
0.3463664
0.30742195
0.24571335
0.12596463
-0.018753782
-0.025181554
-0.09856967
-0.013709117
