8.367351e-11
-0.013863135
0.0129908845
0.0021319008
-0.0043287985
-0.007868646
0.008631852
-0.012975564
0.016611297
0.0045374637
0.022225795
0.016469728
0.035230298
0.01977103
0.008143764
0.0022365341
-0.00069497793
0.007877222
-0.00299702
0.00966507
-0.004261475
0.0042426167
0.006606218
0.012330638
0.018878056
0.007709099
0.024910081
0.003108032
0.002403521
-0.0010659209
0.0034722877
-0.0038490114
-0.003906689
0.00189738
-0.001983535
-3.0000228e-06
-0.00794372
-0.00947458
-0.02308987
-0.022606466
-0.024394972
-0.022888694
-0.01978111
-0.022298304
-0.016549889
0.0026251776
0.008947797
0.008537902
0.00474492
-0.013998938
-0.0042935237
-0.016579334
-0.008707713
-0.016609453
-0.012229916
-0.017176012
-0.011498951
0.005255438
-0.011132904
-0.0044088922
