1.0004442e-10
0.09144549
0.12814611
0.12600106
-0.004462227
-0.21002871
-0.28094128
-0.17577425
-0.13453096
-0.16398524
-0.12598099
-0.1518097
-0.07924937
0.035170104
-0.0844373
-0.2508816
-0.38116485
-0.40586048
-0.2958092
-0.27084884
-0.26904187
-0.31802186
-0.28060198
-0.44377396
0.2827927
0.28968865
0.39198422
0.28411832
0.07718778
-0.28866008
-0.0046485793
0.08732383
0.12499951
0.10237178
-0.072563544
0.05661071
0.20714661
0.31064853
0.32847673
0.04788275
-0.096005484
-0.07403589
0.088864565
0.26128083
0.3700518
0.23610215
0.3154571
0.39322668
0.47387078
0.39748377
0.23442711
0.14897536
-0.11777248
-0.15031478
-0.17450647
-0.19930369
-0.18910569
-0.17226234
-0.1409641
-0.02940934
