1.4188117e-10
0.017826762
0.023930134
-0.11510898
-0.11305158
-0.125484
-0.056620445
0.05193099
0.07253226
0.00021109171
-0.07655131
-0.16761196
-0.2584695
-0.19826731
-0.17741057
-0.07073987
0.024193617
0.0013523474
-0.021387622
-0.1403423
-0.27399927
-0.29213113
-0.16766633
-0.087031655
-0.04598538
-0.09307186
-0.2692228
-0.25080118
-0.17989859
-0.031651787
0.08452635
0.1390287
0.30716878
0.18565476
0.035131868
-0.062778465
-0.050641432
-0.058096953
-0.09534542
0.2595625
0.06042832
0.30419618
0.020277213
0.08265233
-0.17363556
0.33261675
0.08896151
0.43910593
0.031753555
0.17112832
-0.16922465
-0.29208928
0.2594123
0.35981536
0.42280978
0.17718777
0.2985367
-0.21508801
-0.021867244
-0.030424073
