4.620233e-10
0.12687102
0.010872081
0.16014779
-0.16199853
-0.37814963
-0.33788976
-0.0980915
0.042782832
0.17445645
-0.2452306
-0.40491873
-0.5012531
-0.21369806
-0.05064071
0.27595842
0.04005067
0.21439703
0.11811185
-0.110156484
0.15483743
0.21774021
-0.16816078
0.117449865
-0.19960448
0.2860992
-0.0033222362
0.21631241
-0.42937025
0.42065197
0.20723426
0.46767107
-0.07115601
0.24786435
-0.79323614
0.7353199
0.13468648
0.72385615
0.03515915
0.38078296
-0.26783177
0.14507991
0.32220736
0.1918285
0.0037172153
-0.0026219562
-0.38097087
-0.29275948
-0.11425242
0.022343524
0.16107802
0.07500854
0.0069968416
-0.013016079
-0.23069549
-0.21356133
-0.15919745
-0.09161421
-0.009916652
-0.02995293
