-6.2937033e-10
0.23672177
-0.11752021
0.19863816
0.029349506
0.24419399
-0.011087008
0.14417942
-0.113132894
0.18200974
0.017656159
-0.18930118
0.19152954
0.20893121
0.20771155
0.56517226
0.08645015
-0.2787339
-0.21910918
0.07003425
0.3127906
0.52742547
0.37261292
-0.18022434
-0.097219154
0.35639757
0.5864135
0.17447558
0.4341073
-0.36880404
-0.2638293
-0.31225795
-0.116180256
0.13411379
0.014248394
-0.046655852
-0.0034765713
-0.110525
-0.121943615
-0.1103617
-0.15349378
-0.0053361654
-0.07601243
-0.22810392
-0.21201225
-0.2562596
-0.08284621
0.09785878
0.11477359
-0.20215353
-0.44788307
-0.46120143
-0.21088085
-0.082707845
0.085519284
-0.24365573
-0.30534214
-0.25521335
-0.09271264
-0.035818975
