1.364242e-12
0.13467795
0.06863328
0.18795475
0.08746716
0.037389003
0.16419092
0.30449644
0.26688543
0.08143712
-0.07847223
0.033860218
0.1321032
0.27646548
0.3617675
0.27835196
0.28562787
0.32457322
0.46538603
0.45823634
0.30006674
0.18341139
-0.06738907
-0.17233793
-0.11653404
-0.17875205
-0.20365116
-0.20045643
-0.089775845
0.10147227
0.19026068
0.06449223
-0.19240335
-0.32660252
-0.30802456
-0.16052462
0.007882139
-0.04979732
-0.12811974
-0.1851397
-0.172462
-0.07693678
-0.13176398
-0.2599681
-0.38365233
-0.42145255
-0.33649546
-0.2684296
-0.2467809
-0.27786866
-0.4303878
-0.10133922
0.13351789
0.32778373
0.5677604
-0.031613
0.009190239
-0.35486308
0.03139645
-0.02187992
