1.0913936e-11
0.19966036
0.08485281
0.20001957
0.09477488
0.21188976
-0.19181062
0.27599245
0.06590976
0.46026325
0.03190902
0.19235623
-0.23937273
-0.10457892
0.114557564
0.5921975
0.16895092
0.345137
0.02710843
-0.124673456
0.10259108
0.0077786148
0.07406997
0.08950627
-0.28472346
-0.193052
-0.20493968
-0.034922604
0.11113199
0.1375037
0.048502695
-0.07812926
-0.18254763
-0.24332196
-0.23844388
-0.15148722
-0.0021266825
0.07396181
-0.063859746
-0.17081875
-0.2850518
-0.18558364
-0.052986637
0.041898318
-0.11389295
-0.29408407
-0.4123158
-0.22735688
-0.13021518
0.12602535
0.07562448
0.23373935
0.033984765
0.04570681
-0.0031792354
0.093846686
-0.026443992
0.0300796
0.13146009
-0.002254207
