-1.6734703e-10
0.23198462
0.18990335
0.34780294
0.2501755
0.13268423
-0.0017882152
-0.020583367
-0.034850378
0.055351954
0.13287407
0.1342004
0.17438745
0.18968622
0.18402787
0.16686767
0.12437318
0.12678188
0.10160573
0.15917137
0.24673748
0.288746
0.35299402
0.38902122
0.47704446
0.43023068
0.5414818
0.4022606
0.23191398
0.022115631
-0.121604696
-0.31418598
-0.27618468
-0.16904582
-0.07776731
-0.02082612
0.020694636
0.03041662
-0.090049535
-0.14593329
-0.16498454
-0.23273568
-0.20381805
-0.1478817
-0.11362155
-0.12604316
-0.1250099
-0.13940367
-0.19540259
-0.270258
-0.2750059
-0.35726762
-0.4355582
-0.39530998
-0.39271164
-0.4044404
-0.45609885
-0.42156082
0.0930037
-0.044723727
