-1.8189894e-12
-0.014198042
0.014110625
-0.0062971497
0.018169206
0.0081708785
0.025084538
0.0060123433
0.0068969545
0.004892109
0.009187633
0.0034691885
0.0077896817
0.0055851056
-0.0016466542
-0.0048114005
-0.0039182017
-0.0062967325
-0.014761967
-0.02204181
-0.015862836
-0.023768088
-0.023337593
-0.021034162
-0.019040352
-0.007632725
-0.016033482
0.0039687133
-0.0006503849
0.001192413
-0.0011696145
-0.0145014655
-0.0030285753
-0.023512904
-0.021479482
-0.020068076
-0.012742829
-0.018711071
-0.015573806
-0.006942696
0.010359355
0.0017263868
0.0013994721
0.011530761
0.012122102
-0.015357999
0.015225019
-0.0007270947
0.0143131055
0.029221114
0.01714063
0.04403315
0.004814376
0.036843054
0.0018371249
-0.0033925392
0.0053205458
-0.028844636
0.025653116
-0.0026490455
