-6.2573235e-10
0.16359153
0.14508107
0.364497
0.4470247
0.0033639935
-0.015097603
-0.18842892
-0.009579925
0.10792205
0.21169029
0.026578493
0.03879332
0.2082108
0.2841056
0.19970919
0.20656745
-0.11509905
0.026062276
0.16141452
0.28230053
0.3380208
0.2513442
0.30869508
0.34218812
0.4829538
0.48480847
0.3276719
0.2383957
-0.045126565
-0.15982094
-0.10727864
-0.23327568
-0.22351052
-0.1900284
-0.11374405
0.100565135
0.18405518
0.054213867
-0.20148438
-0.3140844
-0.29547074
-0.1424184
-0.012337562
-0.04772231
-0.14452267
-0.1897023
-0.1872258
-0.08835651
-0.1361526
-0.2580334
-0.3970526
-0.40725687
-0.35212302
-0.28066933
-0.26092798
-0.32972255
-0.3192199
-0.47638392
-0.16774805
