-4.0017767e-11
0.0062909853
0.05626925
0.079978555
0.12980391
0.15688212
0.15634154
0.19244407
0.15878049
0.13789901
0.11028917
0.10761794
0.15704879
0.18547001
0.2622161
0.31800175
0.363181
0.43083107
0.40107107
0.5611653
0.32222256
0.2766106
0.05162008
-0.05324112
-0.24300832
-0.2581933
-0.19628486
-0.13960445
-0.032727163
0.0261633
0.007220789
-0.054495264
-0.12401057
-0.15626273
-0.20271486
-0.19191885
-0.12781386
-0.13242711
-0.1382965
-0.09947717
-0.14252084
-0.18871284
-0.23647133
-0.23276503
-0.32053983
-0.41047937
-0.38406962
-0.36949238
-0.40100962
-0.3881531
-0.46446478
0.02731783
0.18934524
0.33816192
0.24047364
0.16470934
0.041442923
0.01071469
-0.005676752
-0.0025353064
