-9.240466e-10
0.19833925
0.18136612
0.3621322
0.40535828
0.06680878
-0.22772987
0.0152793005
-0.022039006
0.18104194
0.07210493
-0.08004622
0.05079165
0.22110605
0.29496866
0.32591644
0.032601297
-0.086562306
0.03525442
0.117488116
0.24809584
0.250617
0.28691357
0.27804282
0.397834
0.47162277
0.44030634
0.2867542
0.13540557
-0.06683759
-0.14623319
-0.104162976
-0.15589336
-0.23202679
-0.24083857
-0.08501747
0.11755368
0.19358553
0.0498438
-0.15683094
-0.2969094
-0.25473443
-0.10985525
-0.045324564
-0.11439376
-0.17304596
-0.17076838
-0.095004186
-0.02748253
-0.11067147
-0.27985832
-0.39384165
-0.40487757
-0.32354224
-0.2497017
-0.29248354
-0.3118424
-0.31802747
-0.36860675
-0.107249595
