-1.4188117e-10
-0.18867917
0.28941914
0.31628165
0.29901206
0.16910739
0.0263974
0.0060868757
0.030053668
0.011026639
0.04509916
0.11300869
0.11103662
0.19348063
0.2274676
0.17229237
0.12541322
0.080086686
0.12767002
0.12557869
0.16385064
0.26142144
0.2753591
0.33910492
0.36449924
0.442604
0.48208725
0.48032537
0.27546865
0.12297572
0.0055936817
-0.09959061
-0.30461234
-0.32985798
-0.20710279
-0.06238289
0.04738875
0.0869707
-0.031128697
-0.12807295
-0.17978032
-0.18963054
-0.17633623
-0.15811831
-0.14255725
-0.15733668
-0.12299742
-0.112818174
-0.122147486
-0.19644032
-0.25831148
-0.2960267
-0.39042714
-0.38456005
-0.35203812
-0.36329293
-0.36861908
-0.40295786
-0.5299384
-0.10653821
