1.1641532e-10
0.021826234
0.079112135
0.04256198
-0.060479574
-0.18040235
-0.21170811
-0.1965729
-0.14031634
-0.13537225
-0.15848507
-0.12911394
-0.14103395
-0.14997712
-0.15677847
-0.19137394
-0.27217433
-0.37055245
-0.3832449
-0.34862292
-0.34884664
-0.3508223
-0.34478796
-0.59647286
0.16375321
0.32111686
0.38451788
0.23914404
0.101052284
0.010314106
-0.007882313
0.04799238
0.07133575
0.04254623
0.1272637
0.16119921
0.18027896
0.23518565
0.16357487
0.123105824
0.06448844
0.12587163
0.1812111
0.16771191
0.26252207
0.29870343
0.3561663
0.36410058
0.51049227
0.37697315
0.43474025
0.19362439
0.06708785
-0.024879526
-0.1783012
-0.30383992
-0.29528767
-0.17366365
-0.080026224
-0.015025085
