-4.7293724e-11
0.09298588
0.09718533
0.37225246
0.4628951
0.381563
0.08477691
0.0635168
0.28952658
0.3450365
0.1476142
0.19470069
-0.0994503
-0.26133347
-0.2767891
-0.22097577
-0.04882057
0.039217804
0.049749643
0.078682125
0.058476783
-0.15735419
-0.19086653
-0.21143493
-0.1945643
-0.085246734
-0.042030066
-0.09751609
-0.188472
-0.24209233
-0.14332929
-0.077730745
0.073315546
-0.12607604
-0.34025356
-0.41314375
-0.37198448
-0.24576518
-0.10568287
-0.028623745
-0.19426933
-0.079588026
-0.027427062
0.094381705
0.28718752
0.2269088
0.18416348
0.01961026
-0.10301338
-0.060620364
0.0075774295
-0.07531775
0.24536681
0.23576114
0.18239447
0.2935198
0.049930423
0.08908454
-0.13135503
-0.021009834
