-5.5661076e-10
0.16712503
-0.039305724
0.22822574
0.56394285
0.21381198
0.08324808
-0.27527803
0.2803781
0.39254934
0.46059522
0.2842985
0.3028609
-0.2635119
-0.2069891
-0.24338812
-0.09971181
0.10796582
0.0025419407
-0.13024253
-0.08616246
-0.056426685
-0.11742942
0.011430998
-0.042997647
-0.082102835
-0.027085021
-0.13651526
-0.25464687
-0.18156436
-0.24822997
-0.09983134
-0.04343262
0.1411935
-0.07354953
-0.2614034
-0.38452202
-0.375726
-0.18199515
-0.076875836
-0.013422519
-0.22561194
-0.27945676
-0.32874453
-0.15245977
0.006152414
0.44182014
0.34124944
0.35335127
-0.12826836
-0.086682156
-0.15112215
-0.2933964
0.42521536
0.18826738
0.16826041
0.16852559
0.015003296
-0.037429355
-0.06983724
