1.1368684e-11
0.013438743
0.088196084
0.2712617
0.34942114
0.30773085
0.277022
0.28084278
0.48372775
0.4623801
0.3356093
0.25758845
-0.05588715
-0.17101415
-0.10955008
-0.1884283
-0.19447432
-0.19645825
-0.13814971
0.073273
0.18001091
0.11505124
-0.15985262
-0.31370762
-0.331427
-0.18298508
-0.0055545047
-0.0444393
-0.10469105
-0.1717763
-0.1845036
-0.092503086
-0.11457611
-0.23961884
-0.37455767
-0.4200542
-0.34706694
-0.2742725
-0.24154438
-0.2894358
-0.37437305
-0.26520547
0.12818485
0.34525374
0.5437623
-0.021700572
0.071008146
-0.34264776
0.027772337
0.07299748
0.2778114
-0.01191521
0.06043147
0.18861026
0.25279033
0.21382686
0.27975383
-0.062062845
-0.1510421
-0.080349684
