2.2919266e-10
0.11141561
0.23000868
0.09343417
0.15375766
0.15299141
-0.119083285
0.15752482
0.21433716
-0.14293686
0.0862214
-0.19718006
0.32810894
-0.068153396
0.28388906
-0.46054947
0.63033706
0.11619161
0.572521
-0.1477561
0.28926128
-0.49705896
-0.08150908
0.067301065
0.6208563
0.25808296
0.25830114
0.06185658
-0.1532581
0.3015789
0.31338245
-0.009171308
0.0901098
-0.31772164
-0.2964669
-0.26314184
-0.035750005
0.13254872
0.16065441
0.0030140071
-0.026436284
-0.03273177
-0.24028778
-0.23079613
-0.16735823
-0.03513227
0.013319049
-0.02465451
-0.113525756
-0.3063106
-0.20273529
-0.059270047
0.07360815
0.09719007
-0.28682417
-0.4141503
-0.48811474
-0.16924769
-0.081051774
-0.01593027
