1.5006663e-11
0.030112922
0.16671625
0.20238437
0.19773646
0.159841
0.14777425
0.15485337
0.20971176
0.107078664
-0.07369116
0.04379508
0.1820476
0.2745244
0.45392415
0.28491962
0.29493046
0.23349704
0.2715605
0.27563244
0.12693451
0.020395631
-0.090218395
-0.16023415
-0.17364077
-0.16874325
-0.110551596
-0.0545483
0.007134526
0.04096696
0.04046441
-0.030964807
-0.18865985
-0.2904995
-0.27346614
-0.1768231
-0.0416384
0.00053515844
-0.047112916
-0.14973685
-0.20279129
-0.1890752
-0.19665474
-0.29306418
-0.32722372
-0.3305034
-0.2704905
-0.20764229
-0.12710759
-0.16429198
-0.19062954
0.1429959
0.14273669
0.3660795
0.14106286
0.08501126
-0.14773613
-0.14595231
0.073226765
-0.012197769
