1.8189894e-11
0.20077367
0.43667728
-0.48193896
-0.12854302
-0.39293802
-0.2578075
0.10554501
0.046676513
0.024776652
0.083744355
0.07425761
-0.12396039
-0.39870775
-0.37391412
-0.23014665
-0.10793056
0.17224267
0.089277625
-0.16250694
-0.3871792
-0.30397415
-0.16944017
0.15002692
-0.16102828
-0.46824208
-0.45568007
-0.2561596
-0.20945059
0.08057883
-0.5093551
0.2191933
-0.1572414
0.30856884
0.34019235
-0.098247014
0.5031579
-0.15297836
0.14151655
0.017764136
-0.34176832
0.28074005
0.06335964
0.24224384
0.7059266
0.09123421
-0.5552656
0.50317764
-0.038785316
0.40046903
0.22177938
0.379906
-0.64211035
0.31618074
0.35625553
0.40471324
0.3402133
0.72913337
-0.48585927
-0.04023272
