-1.6370905e-11
0.03150398
0.05008049
0.013256602
-0.0899048
-0.14642993
-0.1713025
-0.18966031
-0.16895382
-0.17662032
-0.13669586
-0.11683189
-0.13081722
-0.13469036
-0.16891666
-0.22301331
-0.27552864
-0.34166014
-0.39684704
-0.38167503
-0.36462924
-0.38049796
-0.39352667
-0.50503653
-0.0018049479
0.33579704
0.36378583
0.23617226
0.12194291
0.04301705
0.0037729805
-0.004784234
0.054061845
0.06555014
0.13779339
0.20900488
0.17150174
0.18825886
0.1437618
0.14011566
0.11784094
0.10934642
0.17114002
0.17128947
0.25892332
0.3328665
0.37383223
0.42024395
0.46123368
0.4454298
0.45456055
0.19837162
0.061378047
-0.04551491
-0.2739089
-0.3160622
-0.2282622
-0.12469553
-0.014888523
-0.00883312
