-2.910383e-11
0.13464218
-0.046777107
0.12204429
0.05212948
-0.037927374
-0.34980917
-0.33209226
-0.3088284
-0.20747095
0.15812366
0.13746539
-0.09660025
-0.37412888
-0.32502338
-0.22049284
0.15863098
-0.13407534
-0.46915114
-0.45620465
-0.25982442
-0.20863761
0.08004265
-0.507749
0.19460088
-0.102236256
0.27707073
0.36867455
-0.11121269
0.47853702
-0.10336015
0.054034974
0.11263881
-0.54142964
0.6102557
0.19222614
0.24752602
0.5393711
0.18367228
-0.7669606
0.19565345
0.122234344
0.5875319
0.212687
-0.07733117
0.6274453
-0.0074118376
0.6487968
0.21009119
0.63942134
-0.23078947
0.12516595
-0.097159274
-0.30918002
0.19681734
0.104008324
-0.3940916
-0.40695816
-0.06838469
-0.039722655
