5.456968e-12
0.007153373
0.023289528
0.06089833
0.040184572
0.048711825
0.036978845
0.03426989
0.048417654
0.027776005
0.066645056
0.06260588
0.06840205
0.10070241
0.078209475
0.09263094
0.060151733
0.05626028
0.06219353
0.027081497
0.052787986
0.058240857
0.06733706
0.09262357
0.09855839
0.10766993
0.105805084
0.08001123
0.0703419
0.013517425
-0.02276068
-0.044457547
-0.059273377
-0.063018546
-0.057198443
-0.04673802
-0.046933897
-0.03824173
-0.05293621
-0.05928167
-0.0881734
-0.09002715
-0.10112358
-0.09294392
-0.09562702
-0.076617174
-0.06566001
-0.062151693
-0.04934036
-0.058817815
-0.06848297
-0.093765944
-0.09871562
-0.12746772
-0.13426559
-0.1265658
-0.08865482
-0.06592114
-0.0145201925
-0.008319855
