-2.910383e-10
0.24802443
0.07684734
0.32235235
0.5460904
0.25337392
0.2924388
0.07766326
0.34935868
0.5174945
0.24726632
0.08516644
0.071200885
-0.26362818
-0.23672357
-0.26254985
-0.18812537
-0.12403625
0.039053574
0.11577597
0.17191046
-0.075299285
-0.29346478
-0.39640957
-0.33054957
-0.046933755
0.05865143
-0.022951754
-0.10101584
-0.267318
-0.24884258
-0.0768691
-0.1873537
-0.2830305
-0.42164373
-0.40611848
-0.24084255
-0.20124923
-0.0921186
-0.27679825
-0.5283796
0.113693565
0.24271488
0.4213728
0.36662203
0.36578554
-0.34283876
-0.26890922
-0.0015642755
0.20156178
0.24616282
0.13584808
0.19902618
0.16938123
0.16891584
0.37602553
0.010977224
-0.016688958
-0.35162365
-0.1381615
