3.8289727e-10
0.2587901
0.2076495
0.36170146
0.2757972
0.14611797
-0.0033512367
-0.040062718
-0.079085656
0.027831353
0.11607731
0.11215627
0.17603862
0.19763972
0.20119731
0.20055045
0.14111987
0.14644258
0.0808237
0.13832931
0.25476098
0.29502764
0.35960898
0.386239
0.4845913
0.45151782
0.53594583
0.4201981
0.25677645
0.02129503
-0.10189515
-0.34882987
-0.30149478
-0.20647883
-0.06314426
-0.018563323
0.0252607
0.045976803
-0.071678795
-0.11553669
-0.17444837
-0.23734424
-0.21189351
-0.19280446
-0.11711283
-0.1268992
-0.1368756
-0.13933209
-0.20153846
-0.2561304
-0.2806275
-0.36284873
-0.44122332
-0.40573227
-0.39476657
-0.4014171
-0.48324475
-0.3768155
0.049532574
-0.07130438
