3.6379788e-11
0.04802878
0.008419945
-0.008885756
-0.113147944
-0.1682021
-0.21868557
-0.18492256
-0.13672638
-0.15495521
-0.11639592
-0.108194605
-0.16364785
-0.18120997
-0.20116192
-0.21300408
-0.32412887
-0.40452796
-0.4084101
-0.38464913
-0.40489438
-0.37584883
-0.5420151
-0.0030088164
0.12297611
0.3403766
0.2791268
0.20545805
0.059576537
-0.0011332538
-0.026789263
0.021783296
0.06490514
0.13569137
0.13727316
0.17268692
0.20254773
0.17081514
0.1525977
0.099934116
0.11796397
0.13680899
0.1613111
0.26452407
0.30308583
0.36202526
0.41082144
0.4434666
0.49507734
0.40529695
0.39602885
0.14406145
-0.04794275
-0.17981693
-0.26583573
-0.26787043
-0.12806274
-0.06141399
-0.023863351
-0.0097354865
