-4.5474735e-11
0.026235163
0.010196163
0.024699159
0.03140343
0.028057132
0.029559974
0.024326125
0.042988632
0.03195073
0.053453267
0.047439534
0.065046385
0.07190956
0.062634654
0.05257572
0.044165537
0.03688635
0.0068233516
0.03278459
0.01488093
0.051492218
0.04300915
0.043698836
0.07651671
0.071544334
0.057580806
0.059061192
0.028484797
0.0107142795
-0.02059326
-0.020539917
-0.04634732
-0.035543144
-0.03884864
-0.03995468
-0.027279008
-0.042315736
-0.042949095
-0.05564461
-0.06768589
-0.07245992
-0.07526569
-0.0715484
-0.060648147
-0.045706913
-0.03832402
-0.037314005
-0.03631822
-0.027544066
-0.055214375
-0.056015693
-0.08756987
-0.085115686
-0.08056327
-0.08265253
-0.066826805
-0.011787913
-0.030788545
-0.009118057
