-3.7107384e-10
0.115512386
0.07760054
0.3524889
0.25199574
0.2893394
-0.14132857
-0.18715672
-0.060652327
0.0052275285
0.16259135
0.15859024
0.16035905
0.18859306
0.20267314
0.342018
0.10958825
-0.023072235
-0.28509218
0.1713729
0.23225427
0.37241948
0.42832828
0.403477
0.100076765
0.41024706
0.35586873
0.2761344
0.1384178
-0.03951182
-0.19959529
-0.23722418
-0.20116176
-0.07355088
-0.12058709
0.0201128
0.06989059
0.097153075
0.021686275
-0.15685666
-0.24884728
-0.32340044
-0.25620198
-0.054228242
-0.0033667423
-0.059981436
-0.10448429
-0.13751608
-0.12482723
-0.10546058
-0.25276557
-0.38991794
-0.42217845
-0.3580857
-0.24865422
-0.17959064
-0.16405165
-0.28479442
-0.21340446
-0.054497126
