2.3646862e-11
0.029430583
0.012786403
0.15020843
0.16405599
0.13923839
0.22791578
0.19725938
0.1987315
0.11709486
0.109883025
0.14705545
0.12719966
0.26649117
0.33007115
0.3789742
0.42267483
0.460747
0.5000633
0.44783884
0.400934
0.1734958
-0.039124515
-0.20815134
-0.3297063
-0.2757808
-0.14291951
-0.04786271
0.033514943
0.016546195
0.013340981
-0.0682582
-0.17087746
-0.1948342
-0.22985621
-0.18427794
-0.18249387
-0.11939722
-0.121326074
-0.17079908
-0.16697416
-0.19835025
-0.24200213
-0.3248045
-0.40800437
-0.4342339
-0.3993884
-0.40773404
-0.37782508
-0.6003038
-0.009772439
0.15848702
0.33965132
0.30614313
0.24390018
0.11110327
-0.024479728
-0.032749645
-0.081305735
-0.019063162
