-4.3655746e-11
0.34716433
0.057057314
0.30169588
0.4690252
0.2335326
0.36115447
0.35864273
0.42166263
0.2927353
0.0677842
0.11028154
-0.14089638
-0.17592964
-0.27616838
-0.2525553
-0.10443165
-0.09177356
0.07178515
0.15829575
0.16591454
-0.08320117
-0.32745814
-0.35286093
-0.2578929
-0.103725426
0.027212864
0.010163337
-0.16257796
-0.23787244
-0.17731151
-0.08728168
-0.05326455
-0.2798977
-0.42497957
-0.41202092
-0.3324876
-0.23686609
-0.20794676
-0.25190544
-0.36059383
0.14851862
0.21707523
0.4309126
0.16415018
0.17275015
-0.08245308
-0.1093754
0.052882276
0.09582004
-0.13479427
0.26296288
0.15128453
0.19176497
0.39731362
0.15125228
0.063978
-0.15384024
0.112180725
-0.02436379
