-3.929017e-10
0.28093097
-0.0049347356
0.3851205
0.5014553
0.24249476
0.12767947
-0.48518977
0.56593907
0.3844193
0.46546465
0.021785058
0.3282574
-0.44666475
-0.20129809
-0.1759794
-0.034094717
0.047976784
0.028557837
-0.16042933
-0.09980001
-0.124743514
-0.036772605
0.027299482
-0.07756459
-0.16333891
-0.08571771
-0.1693772
-0.26302773
-0.19588089
-0.11558102
-0.010448717
0.063164845
0.06290603
-0.2271465
-0.42079026
-0.4568277
-0.20470057
-0.096331924
0.12757578
-0.12884861
-0.2524403
-0.41570607
-0.12877378
-0.14100155
0.4617588
0.36089754
0.33437383
0.16753818
-0.19214328
-0.12020297
-0.14944279
-0.036273967
0.22511876
0.20940821
0.4526998
-0.16387145
0.23319347
-0.36257368
-0.08891677
