-4.0381565e-10
0.05166441
0.08428938
-0.2767057
-0.45372158
-0.4532333
-0.24333629
-0.2101933
0.07270409
-0.47839382
0.22938491
-0.31189615
0.40258044
0.15157849
0.20483442
0.12209204
0.100515634
0.11507839
-0.12634334
0.19348517
-0.6567991
0.67361104
0.16229875
0.20474328
0.7001885
0.070088625
-0.46713167
0.46055108
-0.100064136
0.18906952
0.42749512
0.4250277
-0.6654625
0.8412085
0.046374723
0.6522347
0.22619851
0.57550824
-0.011470222
0.060103934
-0.11918748
-0.2751338
0.27322838
-0.00554049
-0.360329
-0.16439085
-0.32428953
0.06636888
0.22590683
-0.012515139
-0.22255959
-0.005452171
-0.2575769
0.046484027
-0.0060020387
-0.32104596
-0.40845105
-0.16423564
-0.3569028
-0.06409667
