-1.2732926e-11
0.063242614
0.26672226
0.40672368
0.447818
0.4454855
0.35621604
0.30977193
-0.03769329
-0.20302597
-0.17112027
-0.18931729
-0.1793275
-0.097083725
-0.30071166
0.5087356
0.09245938
0.35237217
0.26751825
0.1931515
0.38032204
0.10900656
0.0041043684
0.2684138
-0.3495062
0.22056666
0.042509638
0.03188973
0.3509773
0.23366925
0.284985
0.25968024
0.11109455
-0.0549445
-0.36814326
0.4996893
-0.07459064
0.33918673
0.4142303
0.5815038
0.43432295
0.4736931
0.4718699
0.38360065
0.12458122
-0.004470302
-0.079835705
-0.09751245
-0.13478762
-0.04207155
0.0129365325
0.038553145
0.14273992
-0.1616725
-0.12534493
-0.3193587
-0.3264279
-0.2529073
-0.20877352
-0.09954542
-0.016115779
0.058966734
0.27318966
0.1373087
0.23269834
-0.0018227398
-0.008423246
-0.15985087
-0.31483543
-0.3515686
-0.3945352
-0.35572314
-0.21899778
-0.24447757
-0.015099248
-0.04679365
0.13742998
0.06163187
0.12990221
-0.07446045
-0.14631413
-0.27597284
-0.32390213
-0.33613706
-0.32850406
-0.27822343
-0.17338341
-0.17436616
-0.14373241
-0.26128897
-0.2957797
-0.34093863
-0.39451116
-0.37661391
-0.3552805
-0.3006739
-0.27205265
-0.24877182
-0.26330099
-0.11480018
