3.637979e-12
0.05385459
-0.007533364
0.053063206
-0.08374067
-0.10514553
-0.17075142
-0.22495276
-0.21754381
-0.2220263
-0.096785255
-0.12879281
-0.1579164
-0.14429332
-0.2118741
-0.26357132
-0.30378893
-0.3661203
-0.44232395
-0.3981852
-0.40260732
-0.36968535
-0.6195341
0.050080083
0.026492238
0.301254
0.32779825
0.28371564
0.12856424
-0.0071517085
-0.028747303
-0.09794525
0.0019663833
0.13210031
0.11096859
0.15612206
0.17890078
0.18502451
0.21081257
0.15973428
0.1767117
0.09243351
0.11533684
0.24930051
0.29369426
0.36583674
0.37913653
0.4880193
0.44498113
0.546329
0.42591232
0.22126284
0.043634187
-0.13342544
-0.36924654
-0.30842665
-0.21049632
-0.02179287
-0.05154883
-0.011718174
