5.820766e-10
0.24581066
0.19697317
0.36084673
0.2780829
0.1574658
0.008581693
-0.027059823
-0.08553601
0.010955527
0.106335945
0.09795754
0.15892616
0.17760552
0.1920193
0.20804726
0.16484632
0.16471268
0.09021957
0.12808126
0.23975387
0.28197685
0.35542542
0.38423455
0.4864509
0.44124
0.5436933
0.40356165
0.27108434
0.033893336
-0.112719394
-0.35561103
-0.29813445
-0.20606628
-0.06519385
-0.015455311
0.016169414
0.04847313
-0.060499854
-0.08571582
-0.15496877
-0.22624494
-0.21240877
-0.19769259
-0.13418892
-0.13129918
-0.1451682
-0.15599458
-0.20382741
-0.2519452
-0.2653026
-0.35836694
-0.43820155
-0.4043207
-0.39912128
-0.39601153
-0.48850152
-0.3514627
0.0426213
-0.082224764
