4.638423e-11
0.047800343
-0.01708169
0.0111694
-0.13168421
-0.11233652
-0.19983488
-0.23245639
-0.2207303
-0.20336956
-0.07968051
-0.1129042
-0.12496834
-0.14681454
-0.21221174
-0.27729177
-0.30844888
-0.38443524
-0.4615906
-0.41254157
-0.4174719
-0.38329104
-0.6326751
0.04167034
0.07497208
0.30977914
0.31758648
0.28483117
0.1175095
-0.018595237
-0.038589023
-0.090375654
0.029998917
0.19886354
0.1715928
0.1698708
0.19648592
0.15961891
0.18115975
0.12796381
0.16132711
0.09895043
0.10462898
0.2658686
0.31161243
0.37973154
0.39009193
0.49940047
0.46360266
0.546787
0.4240408
0.22438788
0.054163337
-0.17610335
-0.38315198
-0.309775
-0.18959147
0.0079467725
-0.028827554
-0.008075395
