4.274625e-11
0.055583905
0.04955492
0.14819337
0.13209468
0.11531235
0.08984037
0.076418
0.068950504
0.06533335
0.08084274
0.10388202
0.10438757
0.1379456
0.14434439
0.15047732
0.14807445
0.14434984
0.16216096
0.16527216
0.20150167
0.24141929
0.26499557
0.31857437
0.30050707
0.47169745
0.25435463
0.32754174
0.18457663
0.11505886
-0.04943461
-0.111835614
-0.16857249
-0.16055688
-0.10035373
-0.054583404
-0.061070893
-0.052986912
-0.07798678
-0.12043293
-0.1273353
-0.11972743
-0.12746058
-0.14688796
-0.14231224
-0.1465755
-0.16796635
-0.17119709
-0.17185707
-0.17868948
-0.24543697
-0.30703542
-0.32767105
-0.32992262
-0.33040673
-0.3299946
-0.375534
-0.23838744
-0.19098419
-0.03814315
