3.783498e-10
0.14694685
0.010841452
0.2795938
0.38974088
0.35378864
0.30055547
0.26767343
0.457804
0.42868742
0.2904218
0.18569438
-0.0353358
-0.18502562
-0.1919753
-0.21274987
-0.1911323
-0.15974794
-0.03832925
0.05193687
0.13199641
0.04131346
-0.18674937
-0.30867672
-0.29718417
-0.15600576
-0.023506487
-0.05677002
-0.101514384
-0.17901525
-0.19374776
-0.119026855
-0.1097576
-0.26211968
-0.38738889
-0.42163095
-0.33242214
-0.2914766
-0.23034081
-0.24045414
-0.47562087
0.10640627
0.1362532
0.29765004
0.5049429
0.0625657
-0.092219844
-0.14265458
-0.042053986
0.057673417
0.2537728
0.067152455
0.064113095
0.17236355
0.252411
0.22472414
0.1881067
0.12035978
-0.22101034
-0.068443865
