6.730261e-11
0.04167712
-0.0010181908
0.054165523
-0.05423375
-0.13946377
-0.1639222
-0.22045273
-0.20132071
-0.20253915
-0.118149474
-0.12533781
-0.17722043
-0.14964853
-0.18403211
-0.24941377
-0.30048025
-0.3816865
-0.43367815
-0.40207124
-0.40297887
-0.36971748
-0.6059686
0.016111236
0.016063161
0.30861753
0.33063427
0.27112147
0.13238387
-0.0016088327
-0.04394422
-0.06788603
0.0027122125
0.1286194
0.10958514
0.14878087
0.19026297
0.19450463
0.21044561
0.15191749
0.15420058
0.10114182
0.115085915
0.2544606
0.29511195
0.36262512
0.38863128
0.48002917
0.45784402
0.5100049
0.44154558
0.21502538
0.0027140304
-0.13386065
-0.35829937
-0.29400852
-0.18842304
-0.068285905
-0.018461546
-0.009389688
