-4.9112714e-11
0.020289835
0.054160643
0.0055328645
-0.09329367
-0.14429139
-0.12652913
-0.11841641
-0.13247065
-0.15840623
-0.16610649
-0.13416196
-0.104361
-0.109704316
-0.15308441
-0.21914361
-0.27621606
-0.31244516
-0.30176854
-0.29216242
-0.2979477
-0.29765958
-0.28370416
-0.25827792
0.13375694
0.20876476
0.25851372
0.1705652
0.07226492
0.050817847
0.070503816
0.06054458
0.0023344883
-0.008848476
0.0749558
0.15020935
0.20037505
0.17678916
0.1220305
0.1097576
0.112682864
0.14165822
0.14947386
0.16353638
0.23949394
0.2698995
0.37559026
0.31939173
0.3855827
0.32654163
0.2390546
0.09041748
-0.0050111655
-0.06693688
-0.15124574
-0.25284308
-0.22425738
-0.11090736
-0.033283833
-0.010856548
