5.0931703e-11
0.09271861
0.19979306
0.14265737
-0.08218185
0.08499946
0.19448227
0.2891368
0.291338
0.1710749
0.08442088
-0.21500517
0.16301931
0.23040035
0.32336682
0.2689913
0.33549497
0.3480213
0.46322185
0.43005887
0.2708124
0.18363844
-0.072206445
-0.14388205
-0.1706275
-0.21338162
-0.17723483
-0.18026702
-0.095538616
0.0904241
0.2217183
0.077733405
-0.19154999
-0.32229447
-0.28950346
-0.13378565
-0.01842621
-0.04763493
-0.15234119
-0.21302326
-0.15782338
-0.015448282
-0.027539082
-0.2590595
-0.4001814
-0.44501022
-0.331869
-0.2596052
-0.24547307
-0.27815637
-0.408977
-0.06252619
0.21108276
0.36239374
0.4277331
0.08285139
-0.19484144
-0.04329808
-0.07247671
-0.024664382
