-8.8220986e-11
0.055169575
0.15034573
-0.0367764
-0.33654082
-0.46057442
-0.4373545
-0.18524636
-0.042155705
0.124684736
-0.1400862
-0.25034684
-0.30385527
-0.057521053
0.10592071
0.37810913
0.3680842
0.25928754
-0.057139523
-0.15190057
-0.07489827
-0.27579468
0.3325361
0.17381155
0.18539627
0.52668846
-0.077365726
0.005880378
-0.20835342
0.14804944
0.17444418
0.4901229
0.15166204
0.1973096
-0.5247086
0.4888377
0.2397933
0.6511559
0.23118816
0.40989774
-0.07303125
-0.2081617
-0.17433421
-0.080913484
0.12748034
0.040594302
-0.23142791
-0.19132093
-0.22440396
-0.16279887
0.08907996
0.18013106
0.08713627
-0.00023704395
-0.18668143
-0.39133206
-0.31691653
-0.17443708
-0.1611843
-0.035329703
