-3.1741365e-10
0.19378802
0.15367393
-0.054674104
0.28215313
0.2968437
0.26302424
0.28340876
0.21342896
0.0651666
-0.2690583
-0.02980654
0.3139075
0.025343835
0.38284245
0.44589058
0.5801691
0.41282594
0.48516613
0.46707958
0.36621052
0.12357731
-0.003454417
-0.07417868
-0.10466428
-0.1161852
-0.080636606
0.019768916
-5.5365264e-05
0.15911269
-0.08707227
-0.12647
-0.27023852
-0.32944763
-0.27573234
-0.24315287
-0.18518065
-0.009840613
-0.044828147
0.1937428
0.20123637
0.18335652
0.19086513
-0.032349233
-0.013589948
-0.18783188
-0.33072683
-0.34772912
-0.3972821
-0.35383698
-0.21742491
-0.2579502
-0.016344206
-0.06935562
0.13375118
0.06482066
0.12498429
-0.013482433
-0.123196855
-0.23345855
-0.30664608
-0.34566975
-0.31737393
-0.32471818
-0.21972254
-0.16926739
-0.15392193
-0.18201576
-0.2834948
-0.29381055
-0.3699997
-0.38589555
-0.37693134
-0.34556162
-0.2997845
-0.26716053
-0.2537403
-0.25537813
0.57331777
0.17383845
0.48550665
0.2861289
0.36630014
0.36197802
-0.20627505
0.059549283
-0.0031042509
-0.2294755
-0.29914021
0.049783245
0.241105
0.09398806
0.15349579
0.30691743
0.29968145
-0.1401502
0.06285268
-0.22460148
-0.39814726
-0.19319455
