1.961098e-11
0.18003562
0.0012250021
0.29766583
0.493833
0.28260154
0.29876316
0.15757945
0.38642105
0.46891168
0.2950345
0.17062885
-0.037187323
-0.20165366
-0.20856905
-0.21302354
-0.15485488
-0.12845106
-0.024760451
0.041263815
0.15232943
0.048133034
-0.1991485
-0.34494597
-0.33575842
-0.14363237
0.008450579
-0.005684469
-0.07917744
-0.20676148
-0.24169551
-0.09097302
-0.13570237
-0.24414489
-0.37121695
-0.427901
-0.3174234
-0.23528083
-0.15788686
-0.22260475
-0.45734274
-0.031885847
0.0866097
0.3279
0.49698812
0.23830706
-0.2230838
-0.17420334
-0.05535979
0.054862082
0.2593609
0.134857
0.07405867
0.1430346
0.21746077
0.33676893
0.056523114
0.11856027
-0.36115566
-0.069825575
