1.3187673e-11
0.04622279
0.24284318
0.3210565
0.22026831
0.13968828
0.032754555
0.0074989116
-0.0062558465
0.058207415
0.08864098
0.12944123
0.15534401
0.15952957
0.18164921
0.1529541
0.1339153
0.115565345
0.11503486
0.1586013
0.18984175
0.26716465
0.318148
0.36339813
0.42805785
0.39777017
0.551509
0.30548128
0.2653844
0.04482072
-0.06435182
-0.23046711
-0.25891197
-0.18660411
-0.13753366
-0.031332932
0.029973622
-0.0011099037
-0.05406307
-0.12202408
-0.15910569
-0.19434842
-0.18434991
-0.12913537
-0.13201302
-0.13578099
-0.10383926
-0.14993432
-0.1900262
-0.22542857
-0.23634812
-0.3263802
-0.40418872
-0.37765908
-0.37812382
-0.38741395
-0.3833282
-0.45429355
-0.1067187
-0.019677056
