9.604264e-10
0.32116532
0.24199587
0.3822311
0.2878212
0.10352088
-0.006726248
-0.031181403
-0.12027481
0.04296011
0.15571149
0.14535807
0.2130588
0.18988815
0.16309229
0.17628038
0.15375812
0.16672587
0.059028625
0.13923933
0.25876927
0.3031212
0.37325197
0.3836242
0.49833953
0.48942727
0.5052003
0.49467644
0.20805827
0.03604924
-0.12897684
-0.37990367
-0.33201772
-0.20544131
-0.040205326
0.015777498
0.024750993
0.03584322
-0.11051309
-0.13775915
-0.19134946
-0.22908823
-0.22022688
-0.20931481
-0.094018996
-0.1027931
-0.14315337
-0.14488773
-0.18388641
-0.25534114
-0.30228007
-0.3821258
-0.45434326
-0.4237266
-0.39125043
-0.4153945
-0.45723033
-0.52574545
0.19647518
-0.099729836
