-9.313226e-10
0.5571868
-0.13630939
0.46187294
0.21697265
0.17893247
-0.03882219
-0.77081114
0.42696393
0.4158169
0.60878485
0.18935536
0.36965495
-0.38043177
0.069418825
0.1083578
0.13200976
0.2035588
-0.0036516935
-0.3692653
-0.38240218
-0.25342917
-0.038255278
0.29132953
0.213454
0.06368517
-0.08728496
-0.3574111
-0.28613827
-0.2447622
-0.035691265
0.043761943
0.17930508
-0.10457366
-0.30877155
-0.37073943
-0.16819677
-0.018374588
0.21257846
-0.10267187
-0.36152482
-0.48694965
-0.36078405
-0.12756968
0.15598889
0.05948343
0.33821532
-0.112424985
0.19407715
-0.054295544
0.20788124
0.12626134
-0.20838515
0.17094322
-0.114831954
0.1350666
0.1238592
0.108433306
-0.19825506
-0.12017894
