7.275958e-12
-0.0036757402
-0.078733146
-0.16331771
-0.08470564
-0.16855103
-0.26539138
-0.19346005
-0.12192334
-0.016613718
0.061049365
0.07910213
-0.22038439
-0.41598013
-0.4585295
-0.22767301
-0.0974289
0.11727636
-0.09034689
-0.25264806
-0.40924352
-0.1691699
-0.14283767
0.40302414
0.37317285
0.3283777
0.2662052
-0.23950695
-0.12763676
-0.10105416
-0.19095929
0.31644076
0.23921381
0.38108924
-0.11860672
0.22714955
-0.37170222
0.29056463
0.17802712
0.50884116
0.02363772
0.3027189
-0.37656835
0.18691523
0.15156615
0.54309785
0.35373813
0.29885766
0.31395176
-0.24626717
-0.035861358
0.005340468
-0.012190675
0.113048285
-0.004376024
-0.3161715
-0.34554812
-0.18416184
-0.113649495
-0.031407487
