-4.7384674e-10
0.18776308
0.102631815
0.35727587
0.34633332
0.23005769
-0.201833
-0.13518797
-0.08152401
0.099601954
0.18582289
0.13507585
0.10936457
0.15309638
0.2092511
0.29984728
0.08668809
0.081219845
-0.25111583
0.1349584
0.24386504
0.35328022
0.40257537
0.33403102
0.22763102
0.42894757
0.37093848
0.28386897
0.13283259
-0.05144971
-0.16088013
-0.19528621
-0.21132833
-0.13927394
-0.14350094
-0.0051611103
0.058988396
0.13500126
0.051370002
-0.16410412
-0.28804332
-0.3184092
-0.2196514
-0.052490182
0.0059659975
-0.0593948
-0.13318266
-0.16145322
-0.1571225
-0.06884355
-0.26567963
-0.37656713
-0.4153279
-0.35338742
-0.2752646
-0.19918792
-0.20425446
-0.34321693
-0.24107707
-0.07211335
