-1.3042154e-09
0.28660756
0.1943446
0.38833207
0.42591313
-0.022847
-0.2215606
-0.04362252
0.0057310797
0.18491957
0.13250095
-0.09946764
0.06543279
0.20252407
0.3021357
0.3119281
0.11151342
0.029625084
-0.17034969
0.1367593
0.24535412
0.34144667
0.2533524
0.33422118
0.368946
0.47028878
0.41973385
0.25591975
0.171075
-0.09248194
-0.14604416
-0.17167711
-0.21041824
-0.17675766
-0.18533856
-0.071751915
0.0943217
0.2188749
0.066088945
-0.20409915
-0.32338208
-0.28356963
-0.1251702
-0.017620329
-0.053273696
-0.1532074
-0.21304578
-0.15522179
-0.011731159
-0.03157261
-0.26200336
-0.40108085
-0.44485402
-0.33079684
-0.26075613
-0.2417434
-0.2923564
-0.35470846
-0.29497954
-0.08138618
