-1.891749e-10
0.50874215
0.18229961
0.6969354
0.10168669
0.21098186
-0.055209056
-0.36854368
-0.22027712
-0.14858899
0.12275984
0.03679259
-0.13376416
-0.10873695
-0.09364895
-0.096440025
-0.031694543
-0.011123396
-0.10999048
-0.04752024
-0.1848535
-0.26905003
-0.1686268
-0.22654963
-0.043858398
0.06828375
0.14286985
-0.16232066
-0.35248783
-0.45005774
-0.36297867
-0.09132418
0.029007005
0.065771945
-0.26879567
-0.33187044
-0.32539955
-0.09781954
0.13061392
0.46231002
0.33331388
0.38766032
-0.2783491
-0.10764639
-0.071656466
-0.36369377
0.527196
0.23015149
0.22086272
0.085549444
0.21332574
-0.43207404
0.42575192
0.10204857
0.42033902
0.13874906
0.2616781
-0.17471747
-0.2930207
-0.16046752
