-1.1641532e-10
0.14244352
0.08836647
0.3004302
0.5465791
0.2627658
0.20939416
0.14420614
0.28464633
0.3626271
0.18337396
0.111161165
-0.08740987
-0.22061417
-0.20960024
-0.1576102
-0.07980819
-0.019003112
0.019342156
0.016548239
0.023570456
-0.06766863
-0.17029324
-0.28242555
-0.25836957
-0.12433881
-0.04505437
-0.07483829
-0.075235665
-0.1415303
-0.19961536
-0.07110712
-0.17300314
-0.31418756
-0.37383196
-0.36698604
-0.2461198
-0.1492295
-0.057302453
-0.19082892
-0.23506662
0.048952237
0.101877406
0.32797056
0.2536309
0.20135206
-0.105294004
-0.18185002
-0.076728866
0.0970059
0.21409225
0.21445934
0.17118277
0.15400614
0.13812649
0.21866229
0.057531685
0.06982732
-0.106867895
-0.034597296
