-9.731593e-11
0.034129545
0.19544856
0.120875485
0.16152956
-0.021413676
-0.33347267
-0.32604942
-0.33796322
-0.08271674
0.1653402
0.03733668
-0.16058466
-0.27101246
-0.3380738
-0.17329109
0.017911855
0.087560624
-0.24114048
-0.37961864
-0.4605587
-0.30744925
-0.23002665
0.08829971
-0.22211729
0.22781086
-0.10949847
0.23745357
0.02391072
0.22613661
-0.0059453174
0.13357069
-0.09807892
0.19088066
-0.08066081
0.081759125
-0.34724915
0.29324386
0.29172033
0.4797176
0.06725086
0.31216022
-0.65674835
0.30255586
0.062286913
0.40357363
0.44798762
0.37891474
-0.14032106
-0.18291797
0.34532872
0.5932483
0.22590238
0.34176588
-0.037791826
-0.38352168
-0.23908442
-0.23058991
-0.09417391
-0.033220276
