-6.039045e-10
0.31255645
0.08343613
0.38077992
0.4205845
-0.83287877
0.47897243
0.3055477
0.40982705
0.4081876
0.45368117
-0.13735361
-0.048421144
-0.29439887
0.3000865
0.06151791
-0.5210718
-0.19403204
-0.15594321
0.20758422
-0.01621249
0.033313382
-0.096826725
-0.32888383
0.08482912
-0.0229927
-0.31677565
-0.40274322
-0.3488403
0.12641302
0.3585334
-0.009284943
-0.3591611
-0.48073727
-0.4218927
-0.05047988
0.025048021
-0.31075823
-0.43111032
-0.2838291
-0.3037078
-0.050345562
0.42405716
0.34156448
0.41296446
-0.21647549
-0.07208152
-0.35384384
0.4233788
0.081864305
0.3578254
-0.06624928
-0.4954074
0.3325888
0.31598383
0.6677682
-0.1272025
0.30151522
-0.7531006
-0.28531933
