-1.5825208e-10
0.08379484
0.14587139
0.109033585
-0.05077264
-0.18272519
-0.2055098
-0.113590345
-0.14066988
-0.17833093
-0.19836305
-0.17563213
-0.08477591
-0.062738895
-0.10484125
-0.21383326
-0.32189587
-0.34282598
-0.34875607
-0.3143372
-0.3145227
-0.349448
-0.27959386
-0.4501255
0.12967175
0.2240932
0.32086635
0.27827042
0.014569776
0.013362793
0.024367943
0.12652108
0.058776226
-0.1666697
0.117047474
0.114136726
0.2707621
0.2764057
0.16863091
0.09407295
0.05241654
0.12606463
0.14771569
0.16828215
0.23748146
0.23440206
0.36354098
0.46986583
0.4436799
0.4004098
0.26236588
0.16040033
0.011450125
-0.04941006
-0.0757969
-0.28397584
-0.30064306
-0.24946131
-0.08057054
-0.027709693
