6.91216e-11
0.23815
0.16389406
0.34027362
0.2994807
0.030185873
0.027573584
0.015413091
0.13399684
0.06274703
-0.1487787
0.09829455
0.091349535
0.26758215
0.2739725
0.1836945
0.098038994
0.048772402
0.11919196
0.14842163
0.17786515
0.21605837
0.22365277
0.3580169
0.4705462
0.44282484
0.40035683
0.26676103
0.17390233
0.013655783
-0.041285835
-0.06709097
-0.2764431
-0.30192456
-0.25522128
-0.033798624
0.15064201
0.11875798
-0.0044103563
-0.18462288
-0.2033605
-0.105804995
-0.13571672
-0.1707708
-0.20098537
-0.19022185
-0.10849354
-0.071832776
-0.07709627
-0.18933949
-0.308527
-0.33392763
-0.35103783
-0.31684047
-0.3209989
-0.34023765
-0.33331847
-0.32233953
-0.34252766
-0.08844904
