-8.894858e-10
0.35358784
-0.094970256
0.40930513
-0.073937416
-0.27182242
0.21762246
0.29560342
0.47800502
0.07355919
0.25936002
-0.6506933
0.21740633
0.18875237
0.6228062
0.14036682
0.29174742
0.10754196
0.35306036
0.5520976
0.09508778
0.46695322
-0.24837005
-0.21450472
-0.26014653
-0.17158203
-0.09442061
-0.17715496
-0.0033666603
0.10993796
0.25619447
-0.062185436
-0.29454303
-0.41301873
-0.27507663
0.10367166
0.057539225
-0.12674227
-0.2572459
-0.25568652
-0.17003576
0.17949721
-0.00962767
-0.3996575
-0.48351824
-0.4191781
-0.24498177
-0.09876831
-0.22204219
-0.3426758
-0.30626673
0.17082289
0.31111008
0.43513873
0.27723798
0.026902184
-0.25355458
-0.07269609
-0.11608593
-0.012465533
