1.8189894e-11
0.007288052
0.06481758
-0.052936144
0.3495784
0.1524687
0.26350152
0.001568269
0.14817171
-0.14286268
-0.14291467
0.16456941
0.33064133
0.3027969
0.2322511
0.06793751
-0.06827367
0.24054813
0.32191542
0.106770754
0.08028029
-0.13551992
-0.21065232
-0.14068417
-0.049136702
0.06512207
0.10849666
-0.028100124
-0.08045061
-0.12839353
-0.10931161
-0.085384086
-0.10440983
-0.08330028
-0.11431278
-0.15366186
-0.15123683
-0.12656343
-0.06034393
-0.012954902
-0.015608106
-0.17351216
-0.28061372
-0.3574651
-0.19953288
-0.104000345
0.036082357
0.0036885925
-0.09363438
-0.16219771
-0.042783275
0.02954429
0.21184316
0.17101288
0.14887257
-0.03635412
-0.090369955
-0.051602114
-0.076143496
-0.020285578
