5.820766091346741e-11
0.03889704495668411
0.138053297996521
0.11356062442064285
-0.058212343603372574
-0.21074196696281433
-0.18804584443569183
-0.03414217755198479
0.09868017584085464
0.19721725583076477
0.21150493621826172
0.10622310638427734
0.0476817786693573
0.024340521544218063
0.014081045053899288
0.019471000880002975
-0.055268414318561554
-0.10279694199562073
-0.12032990157604218
-0.06894192099571228
-0.03289678692817688
0.011471446603536606
0.06929758936166763
-0.019684717059135437
-0.06724735349416733
0.03794541209936142
0.07772103697061539
0.03721647709608078
-0.05790666118264198
-0.09873557835817337
-0.0731431096792221
0.03289610147476196
0.08389490842819214
0.03188953921198845
0.02162865921854973
-0.009858265519142151
0.007578430697321892
0.10831041634082794
0.15112760663032532
0.09693979471921921
-0.03860872983932495
-0.24088497459888458
-0.3252254128456116
-0.1542825847864151
0.11226757615804672
0.21733775734901428
0.25304174423217773
0.16481751203536987
-0.0763239711523056
-0.24317580461502075
-0.22057150304317474
-0.09643613547086716
0.03054136037826538
0.059727977961301804
0.07115505635738373
0.05622546002268791
0.05298718065023422
0.04926702007651329
0.051853474229574203
0.07909902930259705
0.024949144572019577
-0.05940369889140129
-0.08879294991493225
-0.0822550356388092
-0.01820220984518528
0.05756312236189842
0.030213650315999985
-0.05303894355893135
0.009022865444421768
0.09161132574081421
0.036836907267570496
-0.029363084584474564
-0.07794539630413055
-0.14652259647846222
-0.15168476104736328
-0.04360129311680794
-0.0058357687667012215
0.027577295899391174
0.02166159637272358
0.05188962444663048
0.16866730153560638
0.2851320207118988
0.2727251946926117
0.14818426966667175
-0.05252484977245331
-0.30148184299468994
-0.362101674079895
-0.18375709652900696
-0.03942102566361427
-0.00013496562314685434
