5.820766091346741e-11
0.07075193524360657
0.21374133229255676
-0.13385939598083496
-0.27502137422561646
0.05399256944656372
0.2691519558429718
0.20739521086215973
-0.04818079620599747
0.047087106853723526
-0.016691993921995163
-0.21781639754772186
-0.19518648087978363
0.09920154511928558
0.2195567637681961
-0.020005617290735245
-0.14540192484855652
-0.0970296859741211
0.051072295755147934
0.09032212942838669
0.07499514520168304
-0.026030074805021286
0.12886348366737366
-0.019264008849859238
-0.04917985945940018
-0.07690630108118057
-0.17190641164779663
-0.08372724056243896
0.16986623406410217
0.08978025615215302
-0.0022697076201438904
-0.05726576969027519
-0.0012559592723846436
0.18037506937980652
0.02526767924427986
-0.15901906788349152
-0.0708392933011055
-0.031750135123729706
-0.002667022868990898
-0.05201586335897446
0.16127389669418335
0.18493732810020447
-0.09736231714487076
-0.3940463364124298
0.06375215202569962
0.26827165484428406
0.2133597582578659
-0.2365419864654541
-0.2029726803302765
0.07327551394701004
0.15067054331302643
-0.030774418264627457
0.05838071554899216
0.013872946612536907
-0.05949842184782028
-0.25024881958961487
-0.06632215529680252
0.23796096444129944
0.09915349632501602
-0.023386303335428238
0.01711215451359749
-0.003555033355951309
0.08127973973751068
-0.04077635332942009
-0.1276722550392151
-0.09044869244098663
0.00037663523107767105
-0.049312904477119446
0.15100330114364624
-0.012701382860541344
-0.016454514116048813
0.040851280093193054
0.15080247819423676
-0.024865083396434784
-0.14491401612758636
-0.10223060846328735
0.13623347878456116
0.14754486083984375
-0.0980692058801651
-0.22015294432640076
-0.07732728868722916
0.025327634066343307
-0.020534375682473183
0.1537722498178482
0.37105101346969604
0.18029674887657166
-0.2936778962612152
-0.38761258125305176
-0.05631795525550842
-0.00022538226039614528
