5.820766091346741e-11
0.04510105401277542
0.16702477633953094
0.06978116929531097
-0.1640297770500183
-0.25709521770477295
-0.07139113545417786
0.12756285071372986
0.2615577280521393
0.24002590775489807
0.08502942323684692
-0.014310309663414955
-0.028495924547314644
-0.01599542237818241
-0.08816196024417877
-0.15045271813869476
-0.1428070366382599
-0.01575489714741707
0.028596624732017517
0.1113138347864151
0.036713965237140656
-0.04338206350803375
0.03902227059006691
-0.008404668420553207
-0.048489462584257126
-0.02597617357969284
-0.028738204389810562
0.03210200369358063
0.08441176265478134
0.06174537539482117
0.07678714394569397
0.025000641122460365
-0.05712997168302536
-0.07246892154216766
-0.04593171551823616
-0.055890586227178574
-0.11642251908779144
-0.05965842306613922
0.11137877404689789
0.21064573526382446
0.12022580206394196
-0.07275300472974777
-0.2976822853088379
-0.21513956785202026
0.09764863550662994
0.23609299957752228
0.25458860397338867
0.08248826861381531
-0.17378349602222443
-0.2034386545419693
-0.062437284737825394
0.06570225954055786
0.15553133189678192
0.0024929121136665344
-0.07209481298923492
-0.034593064337968826
-0.0029514054767787457
-0.01154816709458828
-0.09340265393257141
-0.07465025037527084
0.03316604346036911
0.07216151803731918
0.08218811452388763
0.061758123338222504
-0.027925217524170876
0.0002865190617740154
0.02747606672346592
-0.028041083365678787
-0.011277420446276665
-0.005949387326836586
-0.04056167975068092
0.05208611488342285
0.08536579459905624
0.01878528669476509
-0.06329144537448883
-0.14166556298732758
-0.14110355079174042
-0.054597847163677216
-0.023561738431453705
-0.02851896546781063
0.006722249090671539
0.15833353996276855
0.32432687282562256
0.28940093517303467
0.12804290652275085
-0.1917562484741211
-0.3992457389831543
-0.23262637853622437
-0.04494277387857437
-0.00016038889589253813
