5.820766091346741e-11
0.05281928926706314
0.1924590915441513
0.0060025230050086975
-0.26330098509788513
-0.19775643944740295
0.10619985312223434
0.28682205080986023
0.2835570275783539
0.05776279419660568
-0.05858665332198143
-0.07229658961296082
-0.07771170139312744
-0.12774837017059326
-0.1554267406463623
0.0009090099483728409
0.04538319632411003
0.13828299939632416
-0.002084310632199049
-0.023308277130126953
-0.018771160393953323
-0.013929793611168861
0.07280261814594269
-0.03112783469259739
-0.016372820362448692
0.10233785212039948
0.020098470151424408
0.015752620995044708
-0.09922239929437637
-0.11585377901792526
0.015738263726234436
0.0650474801659584
-0.020436052232980728
-0.07579030096530914
0.05081604793667793
0.07360903918743134
-0.02833367884159088
-0.0735219269990921
-0.04188619926571846
0.1690911501646042
0.20010341703891754
0.042119529098272324
-0.3030189871788025
-0.3139033615589142
0.09530908614397049
0.23515433073043823
0.2618251144886017
-0.041708849370479584
-0.3297797441482544
-0.18481306731700897
0.07376113533973694
0.16667786240577698
0.11524713784456253
-0.0363919623196125
0.001037130830809474
0.013778025284409523
0.05807231366634369
-0.07193990051746368
-0.11058799922466278
0.004931172356009483
0.10251665860414505
-0.004574714228510857
-0.10822439193725586
-0.008951435796916485
-0.014418506994843483
0.03423643112182617
0.05051768943667412
-0.07508449256420135
0.035284169018268585
0.0932786837220192
0.01543230377137661
-0.02111653983592987
-0.03830338269472122
0.06172586604952812
0.046286266297101974
0.01180730015039444
-0.10518143326044083
-0.12663406133651733
-0.06595294177532196
-0.0609169527888298
-0.07652363926172256
-0.018519684672355652
0.20414909720420837
0.3596641719341278
0.26556336879730225
-0.028448745608329773
-0.40525317192077637
-0.28720271587371826
-0.050238098949193954
-0.00018609483959153295
